729 7395 5
668 627 1
559 281 4
186 225 7
79 444 9
34 42 11
33 262 12
343 666 14
443 551 15
569 368 17
433 494 19
11 22 20
685 617 21
177 414 24
213 193 26
712 340 28
243 33 31
661 636 32
92 249 35
510 711 36
580 405 37
157 356 38
478 479 41
379 398 43
69 694 44
646 73 46
21 431 47
105 55 50
638 251 51
392 139 52
330 577 53
8 691 55
33 343 57
316 338 58
187 681 59
130 340 62
185 175 64
478 140 66
667 131 67
149 617 68
427 231 70
413 535 72
724 237 73
549 532 76
165 100 78
623 450 79
154 187 81
639 253 82
31 204 85
94 615 86
374 31 89
349 196 90
618 607 93
454 173 94
317 45 97
654 65 98
689 356 101
630 37 102
119 431 105
437 672 106
388 465 107
604 315 109
624 31 111
226 536 112
712 587 113
304 517 114
320 284 115
303 175 117
210 212 120
586 574 121
55 381 124
402 420 127
101 687 128
545 590 131
553 130 132
144 508 135
277 88 138
277 146 140
339 628 143
533 674 145
317 141 147
614 309 150
315 287 152
565 619 153
193 159 155
341 718 156
691 25 159
492 537 162
92 314 164
383 591 165
410 162 167
181 329 168
317 412 171
590 541 174
78 660 176
652 289 178
38 127 179
144 266 180
349 566 181
684 198 182
111 19 184
272 420 187
222 71 188
431 578 190
653 704 192
157 505 194
443 30 195
669 92 196
500 409 198
698 567 200
657 577 201
588 396 204
14 247 207
393 548 208
280 294 210
614 206 212
434 110 214
652 685 215
299 328 217
715 51 218
90 18 220
136 164 222
92 540 223
346 110 226
271 691 229
318 64 232
460 706 234
319 689 236
409 96 238
10 628 241
455 434 244
612 306 246
466 396 249
488 1 251
672 627 254
48 620 257
410 611 259
654 627 262
274 337 263
228 290 264
687 427 265
437 550 266
684 97 269
609 27 270
383 522 272
9 130 274
127 44 277
178 458 280
509 257 281
571 181 284
95 155 285
503 568 288
209 100 290
245 652 293
230 573 294
66 458 297
307 707 298
390 611 300
700 146 301
243 595 302
727 70 305
36 716 308
28 682 310
515 396 312
438 653 315
253 15 316
108 464 318
454 611 321
727 13 324
210 104 326
426 548 329
359 411 330
348 304 331
396 318 333
41 643 336
144 37 338
456 501 340
635 650 343
616 502 344
143 676 345
94 141 347
636 386 350
667 312 352
352 6 354
310 497 356
56 126 359
549 7 360
473 435 361
452 666 362
385 514 364
235 107 367
152 678 370
710 141 373
493 399 376
98 41 378
563 361 380
90 152 381
124 93 384
378 213 387
126 143 388
633 664 391
150 240 394
675 181 395
352 266 398
376 491 399
470 543 400
531 498 401
607 478 402
581 510 405
375 125 408
439 110 410
117 337 412
719 521 414
339 589 416
502 418 419
491 360 422
449 270 423
134 334 426
627 222 428
40 92 430
697 678 433
300 709 434
49 504 437
697 524 439
176 360 441
274 208 443
90 477 444
668 329 445
370 494 448
329 675 450
137 222 453
156 619 455
90 76 457
4 489 458
621 302 459
446 25 460
43 276 463
146 595 466
104 519 467
562 613 468
715 181 471
103 86 473
412 489 474
601 236 476
629 115 477
51 348 480
364 133 483
413 262 485
673 616 488
628 295 490
169 412 491
404 106 492
618 473 495
89 679 497
246 713 498
573 302 500
115 621 501
195 520 503
620 510 504
95 620 506
569 607 507
575 164 509
513 176 510
82 508 512
257 575 514
311 94 515
115 55 517
146 91 520
14 228 521
106 231 522
413 325 525
370 599 526
618 269 529
667 261 532
607 494 535
458 307 536
475 544 537
41 498 538
125 697 540
246 89 541
70 13 542
73 711 544
729 684 545
705 675 547
436 371 548
139 499 551
377 412 552
468 675 555
374 403 556
726 113 559
573 521 561
191 483 564
165 523 566
134 354 567
347 268 570
544 392 572
215 169 575
166 683 576
490 237 579
415 214 580
481 550 581
175 613 582
594 447 583
312 299 584
413 162 585
361 550 586
539 637 589
211 564 591
356 467 592
98 544 593
250 424 596
343 713 598
74 17 600
375 311 603
99 629 606
699 722 608
47 673 609
678 39 611
662 693 613
49 107 615
654 18 617
507 714 619
722 179 620
133 394 623
715 354 625
669 522 626
275 302 628
126 78 630
345 493 631
714 44 633
159 297 636
693 727 639
550 297 640
714 217 642
576 378 645
20 37 646
474 191 647
50 278 650
219 288 652
370 372 655
219 241 656
299 284 659
484 570 661
156 702 662
648 326 665
526 5 667
146 318 670
225 133 673
243 5 675
383 345 676
114 454 677
245 25 678
529 691 679
671 491 682
714 712 683
660 374 685
560 23 688
161 148 691
484 376 694
236 164 697
271 5 699
324 513 700
544 147 703
612 370 705
348 395 707
27 251 710
536 679 711
41 543 712
193 481 715
279 461 717
61 692 719
193 6 722
417 526 723
589 22 724
434 162 725
705 39 726
50 718 729
276 320 730
290 238 731
281 225 733
83 37 736
69 221 739
452 718 741
390 725 742
706 380 744
219 226 745
451 152 746
114 72 747
17 101 749
7 378 751
242 348 752
312 388 753
414 24 755
682 111 757
312 416 759
658 576 761
591 631 762
412 676 765
293 9 768
168 259 769
330 387 772
160 167 773
386 562 774
480 64 776
464 649 779
136 347 782
607 360 785
35 55 786
111 113 789
535 148 790
350 180 792
536 172 795
404 682 796
367 518 797
486 145 800
90 485 801
388 308 803
348 344 804
173 641 805
443 729 808
362 31 810
473 607 813
496 606 815
71 137 816
196 96 818
669 408 821
610 171 824
340 553 827
294 22 829
210 190 830
608 135 831
495 251 834
369 307 837
264 230 839
283 292 840
302 101 841
479 400 843
437 548 846
35 97 847
73 92 850
516 462 853
598 350 855
399 645 857
306 599 859
160 199 862
640 189 863
512 636 864
290 93 866
408 542 869
452 587 872
667 398 874
83 35 877
389 638 879
623 701 880
626 609 882
287 559 885
360 617 887
101 165 890
678 471 893
439 135 894
585 724 896
438 48 898
633 426 900
677 269 901
471 59 902
693 99 905
320 466 908
56 624 909
78 158 911
304 313 912
681 468 914
338 611 917
710 21 918
92 124 919
139 640 922
302 338 924
406 33 927
174 119 930
319 455 932
635 253 933
165 258 934
426 400 935
400 204 938
454 323 940
120 470 943
116 469 946
146 364 948
253 170 951
599 140 954
580 575 956
309 219 959
193 509 962
345 360 965
691 717 966
694 438 968
153 306 970
36 640 971
726 427 973
604 514 976
215 138 979
129 638 982
51 233 983
11 278 985
76 58 988
540 420 991
397 419 994
52 429 995
657 340 997
29 527 998
424 647 1000
271 533 1002
507 638 1005
554 557 1007
701 446 1010
11 8 1012
483 124 1013
500 311 1016
101 200 1017
284 276 1018
42 207 1021
249 244 1022
495 127 1025
59 513 1028
477 537 1029
194 493 1031
622 591 1033
449 654 1036
498 52 1039
99 42 1040
383 386 1042
222 18 1044
714 387 1045
72 23 1047
462 503 1049
718 335 1051
428 637 1054
686 228 1055
522 72 1057
373 606 1058
274 233 1061
483 294 1064
462 674 1065
314 588 1067
496 412 1070
112 87 1071
684 670 1074
435 252 1076
131 442 1077
269 369 1078
163 328 1081
710 112 1083
303 451 1084
681 304 1087
477 383 1090
556 646 1093
672 447 1094
581 551 1095
331 271 1097
120 170 1100
237 313 1102
325 535 1103
70 695 1105
127 518 1108
204 16 1109
504 294 1111
278 576 1114
110 625 1115
548 26 1116
111 657 1117
626 706 1120
705 444 1122
574 89 1124
126 678 1126
291 672 1129
439 688 1130
70 126 1132
301 163 1135
612 611 1136
633 388 1138
605 337 1139
709 717 1140
137 48 1141
344 497 1144
457 277 1145
445 501 1147
493 332 1150
83 373 1151
248 409 1154
73 570 1156
626 541 1158
15 250 1160
239 113 1161
564 478 1162
311 615 1164
601 177 1167
699 313 1169
184 165 1171
5 487 1172
587 714 1173
245 409 1175
533 239 1178
664 559 1180
346 455 1181
268 433 1184
436 277 1185
653 545 1187
164 581 1189
120 36 1191
587 472 1194
701 489 1197
709 352 1199
116 390 1202
347 554 1203
318 137 1205
688 274 1207
19 650 1209
208 530 1212
518 686 1213
127 14 1216
670 437 1217
223 664 1218
366 603 1221
258 716 1222
415 511 1224
531 219 1227
414 182 1230
242 257 1232
417 531 1234
166 22 1236
267 189 1238
137 545 1241
648 336 1243
311 2 1245
95 182 1248
259 402 1251
4 535 1253
671 425 1255
286 61 1258
254 171 1260
279 298 1263
519 350 1264
518 71 1266
38 146 1267
661 273 1269
603 8 1271
355 585 1274
283 618 1276
176 622 1277
239 268 1279
358 263 1280
5 263 1283
284 230 1286
606 35 1288
639 673 1289
542 112 1290
157 306 1293
246 351 1294
653 672 1296
587 438 1297
377 202 1300
12 502 1303
426 385 1306
580 427 1307
506 564 1309
602 319 1311
707 303 1314
262 602 1317
379 689 1318
418 611 1320
105 710 1321
697 65 1323
63 309 1324
405 252 1326
465 566 1328
639 276 1330
576 726 1333
252 241 1334
466 87 1336
89 487 1339
512 220 1340
180 225 1343
148 293 1346
646 357 1349
109 87 1352
568 198 1353
347 689 1355
146 610 1358
273 286 1360
158 374 1361
132 380 1363
653 350 1366
85 124 1368
8 717 1370
479 17 1373
140 693 1374
214 589 1376
513 172 1378
477 586 1380
521 535 1382
561 610 1384
90 504 1387
349 276 1390
556 29 1391
88 595 1392
124 598 1394
22 6 1397
83 55 1398
672 42 1400
324 295 1403
676 395 1404
35 559 1406
215 663 1407
185 697 1408
592 269 1411
489 428 1414
52 708 1417
605 149 1419
55 555 1421
652 546 1422
359 513 1424
551 524 1427
487 566 1428
164 297 1431
386 253 1434
260 101 1435
197 70 1438
682 603 1439
365 200 1441
212 490 1443
514 706 1445
223 190 1448
328 528 1451
541 487 1452
685 645 1453
714 705 1454
674 558 1456
85 239 1458
625 672 1459
401 414 1461
72 492 1463
331 635 1465
188 543 1468
89 303 1470
664 267 1471
37 372 1473
582 279 1475
614 248 1478
315 96 1481
24 146 1482
144 696 1485
51 675 1488
486 712 1490
419 537 1492
558 33 1493
625 613 1495
571 4 1498
84 401 1500
640 365 1503
361 147 1505
216 535 1506
87 635 1508
414 242 1510
177 248 1513
463 318 1515
357 367 1518
59 626 1520
85 431 1523
561 40 1526
709 323 1529
474 567 1530
350 174 1532
487 251 1534
49 109 1535
563 377 1537
170 722 1539
576 488 1541
584 458 1544
407 672 1545
394 463 1546
483 606 1547
498 580 1550
705 131 1553
28 120 1556
641 296 1557
446 62 1559
173 567 1562
58 114 1563
685 126 1565
273 84 1568
390 300 1570
460 116 1573
665 289 1574
639 91 1576
469 360 1577
280 447 1580
66 194 1583
134 459 1585
352 59 1587
120 397 1589
354 466 1591
91 577 1594
299 528 1596
352 103 1598
323 362 1600
308 486 1601
677 424 1603
534 568 1604
12 423 1607
88 589 1609
467 62 1610
556 548 1613
683 506 1616
431 516 1618
113 28 1619
244 448 1620
579 294 1621
137 664 1624
434 327 1625
84 576 1626
34 181 1629
506 180 1632
298 671 1634
2 270 1637
67 103 1639
79 75 1642
656 621 1643
674 41 1644
312 444 1646
69 590 1647
463 78 1649
267 285 1651
431 626 1652
273 372 1653
373 165 1654
199 689 1656
8 178 1658
376 218 1661
221 149 1662
452 516 1665
394 698 1668
433 396 1669
428 446 1670
380 707 1672
595 396 1674
706 11 1676
262 4 1678
71 331 1680
523 123 1682
134 455 1685
256 37 1686
571 334 1687
535 725 1689
31 718 1692
153 555 1693
40 669 1694
374 282 1696
199 375 1698
634 454 1700
653 700 1702
30 226 1704
423 93 1705
241 534 1706
1 341 1708
676 237 1709
389 123 1712
282 198 1715
363 424 1718
444 270 1720
490 617 1723
691 45 1725
436 48 1727
66 120 1729
306 298 1732
582 105 1735
505 397 1737
122 362 1739
501 299 1741
58 210 1743
498 476 1744
377 406 1746
50 281 1747
685 716 1750
313 248 1751
567 695 1752
364 469 1754
336 373 1756
35 266 1759
724 133 1762
323 307 1765
137 5 1768
139 148 1770
723 377 1773
328 321 1775
66 127 1777
698 57 1780
271 396 1782
108 688 1785
560 724 1786
382 561 1788
87 583 1790
554 142 1791
324 371 1792
516 268 1795
279 402 1796
20 570 1797
591 266 1798
225 100 1800
424 195 1801
362 257 1804
3 560 1806
378 550 1807
70 585 1808
596 441 1810
146 162 1812
56 198 1814
497 209 1815
81 80 1818
678 220 1821
182 412 1823
286 2 1826
137 686 1829
149 341 1832
572 188 1834
225 57 1836
437 617 1837
620 161 1840
211 563 1841
117 255 1842
591 345 1844
506 388 1847
60 89 1850
44 276 1851
619 529 1853
455 271 1855
277 330 1857
702 34 1859
547 531 1860
450 524 1863
52 219 1866
203 716 1869
322 420 1871
104 364 1872
49 40 1873
478 352 1875
46 131 1876
82 539 1877
487 263 1878
728 121 1879
70 719 1881
370 566 1882
626 281 1885
465 60 1886
12 280 1888
398 235 1889
654 452 1892
633 658 1893
99 116 1896
391 118 1897
11 186 1900
71 447 1901
632 132 1902
60 292 1903
207 324 1904
109 371 1907
382 261 1910
460 11 1912
144 401 1913
585 329 1915
596 161 1916
151 383 1919
61 126 1922
349 462 1925
297 509 1926
663 227 1929
46 152 1931
247 26 1932
341 249 1934
291 10 1935
305 375 1936
165 422 1938
124 274 1941
262 538 1944
466 284 1946
721 217 1947
488 265 1948
689 95 1950
255 45 1951
415 348 1954
208 608 1956
644 337 1959
237 392 1960
331 459 1961
505 211 1964
612 149 1965
532 598 1966
492 369 1967
393 609 1969
396 108 1970
540 294 1971
572 354 1973
73 295 1976
374 600 1977
552 69 1978
495 217 1979
514 308 1980
195 132 1981
696 135 1982
678 363 1983
495 220 1986
369 171 1988
542 6 1990
321 501 1991
641 155 1992
478 244 1995
561 578 1997
649 230 1998
47 205 2001
145 29 2003
684 174 2006
79 307 2009
56 431 2012
366 4 2014
361 405 2016
714 105 2017
14 234 2019
335 56 2022
168 387 2023
32 668 2025
236 581 2027
397 427 2029
295 82 2031
166 484 2034
444 20 2035
173 276 2037
616 131 2038
175 399 2039
643 333 2042
658 403 2044
228 410 2047
295 604 2048
594 247 2051
342 209 2054
338 577 2055
317 31 2057
181 164 2060
278 214 2061
155 305 2062
94 655 2065
275 491 2068
50 639 2071
405 427 2072
285 320 2074
95 398 2077
419 113 2080
578 610 2082
394 288 2084
488 658 2085
252 408 2086
325 443 2089
270 606 2091
653 235 2094
51 584 2096
587 349 2097
109 414 2098
497 517 2099
457 608 2100
714 519 2102
381 717 2103
28 726 2106
612 277 2107
566 454 2109
478 311 2110
206 161 2111
55 101 2112
551 630 2115
361 226 2116
164 197 2118
89 590 2119
306 457 2121
725 406 2124
24 599 2125
610 88 2127
51 488 2128
220 510 2130
683 220 2131
299 554 2132
278 632 2135
392 267 2138
563 51 2140
208 105 2143
142 531 2145
130 687 2147
610 725 2148
347 155 2151
35 105 2152
107 384 2154
426 194 2156
705 384 2157
302 376 2158
284 686 2159
111 253 2161
518 399 2162
727 126 2163
482 385 2164
276 616 2165
492 345 2168
657 130 2171
538 585 2172
65 354 2175
85 511 2178
513 281 2179
210 548 2181
123 681 2182
68 27 2184
317 207 2185
606 208 2188
135 124 2190
552 639 2193
191 399 2196
311 123 2197
411 286 2200
321 156 2201
672 82 2203
621 266 2204
588 610 2205
719 433 2206
704 179 2208
701 674 2211
613 61 2214
146 515 2217
608 701 2220
93 190 2221
481 36 2224
566 39 2225
202 361 2226
434 40 2229
663 621 2230
612 577 2232
49 578 2235
375 264 2236
540 439 2239
29 251 2241
649 68 2243
148 499 2245
39 700 2248
426 223 2251
611 192 2252
179 414 2255
285 582 2256
697 706 2259
161 105 2262
422 526 2263
186 675 2266
432 170 2269
211 647 2272
118 125 2273
198 32 2274
539 25 2277
262 578 2278
379 476 2279
93 223 2281
277 243 2284
532 168 2287
426 22 2290
118 234 2292
561 396 2294
580 402 2295
381 416 2297
722 309 2300
169 225 2302
704 590 2305
420 544 2308
117 275 2310
625 229 2313
346 411 2315
633 206 2317
654 37 2318
460 729 2320
195 677 2321
226 276 2324
510 516 2327
329 493 2330
274 515 2333
687 676 2335
690 689 2338
426 547 2339
151 133 2340
376 37 2343
1 389 2345
342 582 2347
672 205 2349
196 685 2352
174 157 2355
628 401 2358
624 509 2360
224 527 2361
469 24 2362
665 631 2363
410 216 2365
153 340 2368
212 421 2370
400 300 2371
43 501 2374
482 190 2377
102 475 2380
63 151 2382
13 719 2385
176 244 2387
406 224 2388
659 92 2391
468 107 2393
135 347 2394
251 129 2397
485 629 2398
183 429 2401
237 336 2403
462 431 2406
255 642 2409
34 6 2411
667 5 2413
394 211 2414
627 121 2417
561 398 2418
412 109 2421
391 159 2423
600 660 2424
88 590 2425
188 375 2427
36 453 2429
339 214 2431
651 304 2434
633 308 2437
35 59 2439
682 657 2442
125 335 2444
530 659 2447
647 584 2449
666 341 2451
236 516 2453
377 558 2456
638 486 2458
608 258 2460
360 586 2462
360 50 2463
21 387 2464
233 397 2466
653 100 2467
620 158 2469
365 709 2471
636 42 2473
430 462 2476
450 701 2479
485 641 2481
597 352 2483
46 324 2486
410 648 2488
216 454 2489
450 390 2491
70 485 2493
686 582 2494
132 613 2496
11 709 2499
24 451 2501
412 651 2504
388 264 2506
266 606 2507
130 475 2510
538 96 2512
632 8 2514
443 235 2516
698 411 2519
505 233 2521
167 408 2524
420 722 2527
535 729 2529
519 638 2530
559 121 2532
146 151 2534
423 518 2537
231 304 2539
345 681 2542
322 332 2543
712 452 2545
579 146 2547
513 360 2549
227 149 2552
48 587 2553
677 527 2554
632 478 2557
85 255 2559
160 49 2561
552 605 2563
280 728 2565
407 280 2567
228 197 2568
522 492 2570
488 140 2572
337 302 2575
606 701 2578
701 306 2579
674 611 2581
536 204 2584
17 647 2585
177 336 2587
189 365 2589
612 589 2591
259 580 2594
638 267 2595
372 209 2598
670 252 2600
327 208 2601
573 244 2602
54 45 2605
189 105 2608
529 400 2609
199 540 2611
509 367 2612
309 557 2614
362 709 2617
278 456 2618
618 381 2620
706 439 2623
525 32 2625
351 455 2628
338 376 2629
571 369 2630
371 440 2631
269 132 2634
13 574 2636
418 544 2639
139 582 2642
621 273 2645
325 569 2646
31 503 2647
76 210 2648
146 36 2651
474 292 2653
598 395 2654
608 125 2655
429 267 2658
563 362 2661
668 580 2664
324 167 2667
81 645 2670
200 499 2671
346 257 2674
192 69 2676
243 39 2677
590 60 2678
167 174 2681
443 230 2682
118 431 2683
82 304 2686
463 698 2689
62 128 2691
115 484 2692
80 616 2695
119 211 2698
21 232 2700
508 628 2703
611 524 2706
143 78 2708
449 91 2709
77 515 2711
364 653 2714
370 438 2717
672 491 2719
656 576 2722
218 486 2724
40 4 2726
338 275 2727
104 358 2729
210 646 2732
423 38 2735
328 241 2736
57 496 2739
425 546 2740
505 252 2742
322 367 2745
575 715 2746
467 386 2748
333 525 2749
235 384 2752
145 598 2753
443 199 2754
360 16 2755
324 566 2756
535 536 2757
293 574 2759
394 21 2762
571 592 2763
572 306 2765
414 637 2767
12 148 2770
45 8 2772
120 123 2774
21 72 2776
507 145 2779
681 640 2780
423 121 2782
448 207 2785
53 222 2787
582 602 2788
106 419 2790
221 8 2791
269 420 2794
180 435 2796
566 450 2798
485 632 2801
569 274 2804
713 243 2807
69 195 2810
642 63 2812
315 182 2813
729 469 2814
284 195 2815
289 230 2816
405 458 2817
335 72 2819
118 30 2822
62 463 2825
29 418 2828
328 641 2831
310 435 2834
179 358 2835
303 702 2836
421 272 2838
186 460 2839
170 333 2840
116 187 2842
158 542 2843
519 398 2846
459 659 2849
568 620 2850
555 650 2853
620 305 2856
71 672 2859
556 308 2860
229 434 2861
55 165 2862
581 630 2864
663 5 2867
277 552 2870
108 722 2872
671 680 2873
254 546 2874
156 329 2877
349 131 2878
310 11 2880
40 515 2881
702 122 2883
291 158 2886
480 650 2888
380 645 2889
250 80 2891
221 359 2894
136 622 2895
471 204 2896
309 498 2898
696 108 2901
620 147 2903
404 101 2906
323 511 2908
194 526 2909
632 706 2912
147 322 2914
668 376 2917
500 225 2919
208 275 2922
72 211 2923
648 699 2926
81 474 2928
219 292 2929
203 696 2930
98 200 2933
586 622 2934
558 19 2936
469 140 2937
8 521 2940
48 670 2943
31 584 2945
669 145 2946
198 184 2947
671 205 2948
344 525 2951
318 18 2952
155 299 2953
113 106 2955
124 314 2958
675 715 2959
15 48 2960
474 631 2961
487 704 2962
518 228 2964
398 418 2966
314 351 2967
142 706 2969
705 442 2970
146 487 2973
99 650 2976
282 361 2978
26 426 2979
571 459 2981
473 663 2982
111 32 2984
476 722 2985
104 257 2988
2 360 2991
122 592 2994
638 104 2997
610 410 2998
151 81 3001
167 572 3002
114 220 3005
234 142 3006
333 123 3007
643 410 3009
50 663 3010
14 728 3011
337 105 3012
145 166 3013
483 337 3016
580 183 3018
482 588 3021
514 287 3022
390 258 3024
660 679 3026
214 62 3028
479 221 3031
621 36 3033
277 414 3034
195 50 3036
268 482 3039
55 373 3040
58 526 3041
446 337 3042
176 175 3044
530 167 3047
494 249 3048
193 573 3051
220 289 3052
719 697 3053
18 545 3054
285 121 3055
98 167 3058
91 24 3060
697 542 3063
454 228 3064
196 445 3067
533 237 3070
269 195 3073
307 15 3076
650 691 3077
62 528 3080
285 507 3082
306 333 3085
523 537 3087
4 146 3090
386 57 3091
725 377 3094
258 36 3096
71 12 3097
606 608 3100
578 51 3102
119 585 3103
400 18 3106
584 234 3107
98 115 3108
206 594 3110
680 362 3113
230 528 3115
381 460 3117
201 439 3119
566 303 3121
287 518 3122
687 170 3124
205 513 3126
151 307 3129
675 430 3132
667 258 3135
513 419 3136
239 687 3139
11 393 3142
222 322 3143
461 417 3146
314 135 3148
542 191 3150
604 303 3152
690 125 3153
203 195 3155
512 218 3157
204 564 3159
391 345 3162
149 584 3165
116 485 3168
397 580 3169
29 85 3170
698 158 3172
578 602 3173
669 590 3176
653 567 3177
524 343 3178
592 378 3180
468 55 3182
298 612 3184
38 295 3185
624 452 3187
282 112 3190
29 290 3191
278 564 3192
309 464 3195
496 241 3196
644 161 3197
469 192 3198
432 515 3199
235 610 3200
656 105 3202
39 283 3205
177 614 3206
356 185 3207
116 339 3209
55 372 3210
46 505 3212
147 279 3214
344 156 3216
535 262 3219
436 440 3222
648 102 3223
693 92 3224
715 164 3226
59 215 3227
555 340 3230
617 707 3233
604 38 3236
482 431 3237
278 479 3239
32 291 3241
289 359 3244
651 342 3246
144 571 3249
124 292 3250
255 511 3251
522 597 3252
703 576 3255
627 327 3258
359 614 3261
352 640 3262
534 230 3265
476 419 3267
271 135 3268
721 132 3271
511 120 3273
610 370 3274
383 537 3275
192 701 3277
131 52 3278
632 220 3279
680 395 3282
396 330 3285
603 346 3288
729 33 3289
726 360 3292
223 210 3293
492 543 3294
173 485 3296
729 563 3298
377 343 3300
470 439 3302
165 710 3305
633 220 3308
215 74 3310
302 184 3311
383 23 3314
21 92 3317
595 246 3318
7 618 3321
23 28 3323
509 592 3326
425 428 3327
488 309 3328
573 707 3329
132 222 3331
46 15 3333
193 525 3334
119 697 3336
139 702 3337
247 357 3339
289 603 3342
618 289 3345
413 522 3348
350 53 3349
696 408 3351
478 363 3354
640 560 3357
379 36 3358
62 477 3359
36 525 3361
157 550 3363
377 331 3365
545 235 3367
101 203 3370
296 499 3371
467 302 3372
463 411 3374
86 48 3375
82 623 3376
320 165 3377
408 49 3378
106 682 3381
95 319 3383
389 76 3385
677 573 3387
259 687 3388
147 468 3391
222 502 3392
46 41 3395
673 486 3397
407 565 3399
356 239 3401
543 98 3404
71 42 3407
536 162 3409
591 319 3412
366 298 3413
610 177 3416
114 665 3418
258 47 3421
133 140 3422
185 589 3425
464 74 3427
479 176 3428
227 618 3429
186 479 3430
364 545 3432
11 149 3433
644 55 3436
726 551 3438
568 702 3439
581 148 3440
654 137 3441
504 314 3443
660 426 3446
558 75 3449
416 501 3451
664 365 3453
204 54 3456
547 300 3458
499 161 3460
491 134 3463
718 520 3465
270 324 3466
112 98 3469
37 484 3470
304 51 3471
83 365 3473
228 582 3474
61 579 3477
551 547 3479
464 698 3480
570 74 3481
248 462 3483
152 15 3485
241 710 3487
577 704 3489
547 28 3491
172 440 3494
94 335 3495
684 459 3498
175 386 3499
728 447 3500
178 691 3501
368 707 3503
44 507 3504
437 632 3506
187 687 3508
8 663 3511
242 651 3512
99 207 3514
522 620 3515
649 563 3517
542 399 3520
462 237 3522
208 602 3525
378 497 3528
259 587 3531
465 219 3533
9 368 3536
696 549 3538
33 437 3539
627 354 3542
306 558 3544
562 90 3546
151 165 3549
644 165 3551
655 112 3552
141 203 3555
203 687 3557
370 24 3558
430 458 3560
665 165 3561
423 367 3562
626 407 3565
572 661 3568
406 583 3571
516 624 3573
430 431 3574
289 473 3576
457 233 3577
216 292 3579
558 60 3581
75 235 3583
281 182 3584
708 63 3587
128 184 3588
519 284 3589
608 474 3591
196 587 3592
681 365 3595
288 63 3596
575 461 3599
411 308 3600
329 478 3601
99 342 3602
575 620 3603
572 649 3605
511 300 3606
695 403 3609
101 141 3611
497 714 3613
227 138 3614
448 68 3617
111 106 3619
205 455 3620
26 29 3623
276 440 3624
483 94 3625
677 368 3628
628 316 3629
462 130 3631
386 522 3633
521 471 3635
85 361 3636
106 726 3639
419 650 3642
269 552 3645
2 586 3648
298 345 3650
716 161 3653
419 335 3655
577 277 3657
27 475 3658
305 492 3659
259 644 3660
267 173 3663
291 570 3665
703 430 3668
632 390 3669
636 10 3670
478 626 3673
607 435 3676
4 325 3677
294 538 3679
543 56 3680
332 501 3683
94 571 3684
400 173 3685
622 115 3688
3 591 3690
23 301 3692
190 552 3695
572 557 3698
690 236 3701
577 683 3704
718 637 3705
610 504 3708
386 617 3711
222 728 3713
476 32 3714
552 705 3716
150 9 3718
424 618 3721
562 586 3724
558 611 3727
302 334 3730
561 162 3732
658 693 3735
63 219 3738
81 237 3739
694 91 3741
270 43 3742
531 572 3744
415 414 3747
166 488 3748
428 539 3751
724 119 3752
512 652 3755
563 85 3756
54 414 3758
303 97 3760
333 112 3762
55 259 3763
308 128 3765
346 396 3766
4 725 3767
108 302 3770
323 294 3772
395 622 3773
628 491 3775
655 615 3776
266 464 3778
81 522 3779
35 597 3782
540 167 3784
102 461 3785
249 461 3786
484 47 3789
203 505 3791
181 299 3792
513 57 3795
151 345 3796
639 131 3798
372 342 3799
618 479 3801
455 119 3803
292 666 3806
314 77 3808
383 631 3810
494 202 3811
684 657 3812
307 705 3813
213 253 3816
77 504 3817
98 366 3820
114 76 3823
359 133 3826
562 76 3827
247 506 3828
44 307 3830
582 12 3833
517 676 3836
82 334 3838
64 364 3839
272 310 3841
201 77 3844
239 710 3847
238 527 3850
351 434 3851
77 135 3853
46 2 3856
682 198 3858
191 29 3860
626 381 3861
7 338 3862
466 441 3863
107 97 3864
352 173 3867
267 276 3869
217 440 3870
85 208 3872
416 204 3873
281 717 3874
184 258 3876
34 416 3878
352 204 3881
320 642 3882
520 435 3885
232 691 3886
379 142 3887
115 459 3888
539 11 3889
319 667 3890
503 299 3893
287 655 3894
415 533 3896
264 600 3897
29 353 3899
205 144 3902
305 464 3905
177 443 3908
43 194 3911
475 322 3914
195 380 3915
256 320 3917
643 284 3920
56 87 3922
649 708 3925
146 39 3928
299 20 3929
432 642 3932
492 232 3935
176 249 3937
516 296 3939
702 434 3942
392 342 3944
204 3 3947
415 717 3950
547 667 3952
334 42 3953
183 245 3956
481 398 3959
371 48 3961
318 668 3963
31 391 3964
361 255 3967
226 285 3970
480 419 3971
723 603 3972
249 291 3973
344 213 3974
116 673 3977
27 490 3978
668 37 3981
140 566 3982
416 651 3983
656 161 3984
636 409 3985
462 521 3988
426 417 3989
606 716 3991
727 613 3992
362 431 3995
77 307 3997
205 179 3999
330 566 4001
91 345 4004
276 223 4007
192 465 4009
453 269 4012
55 341 4015
215 17 4018
547 689 4019
240 603 4021
411 62 4022
124 530 4023
472 215 4025
418 86 4027
706 255 4028
602 107 4031
612 566 4033
545 318 4034
706 465 4035
124 434 4036
142 261 4038
305 347 4041
40 245 4044
384 261 4046
322 371 4048
346 318 4049
263 320 4050
667 384 4052
96 178 4053
655 543 4055
105 365 4057
649 641 4059
616 349 4061
181 728 4063
39 88 4066
299 658 4069
537 151 4071
183 315 4072
43 73 4075
492 597 4077
395 342 4080
94 696 4081
539 584 4083
385 466 4084
312 503 4085
525 98 4086
431 550 4087
11 589 4090
334 491 4092
666 473 4095
209 309 4098
545 354 4100
618 471 4102
470 635 4104
34 164 4107
331 318 4110
603 571 4113
460 424 4114
162 725 4117
369 493 4120
84 209 4121
213 34 4122
143 21 4125
688 47 4127
241 621 4129
561 107 4132
723 25 4134
149 258 4135
698 386 4136
324 90 4138
294 160 4140
182 193 4141
530 483 4143
361 5 4144
105 76 4145
211 573 4147
219 498 4150
504 235 4153
72 131 4154
718 244 4157
663 717 4158
334 224 4161
208 2 4163
102 336 4166
181 156 4169
666 225 4171
513 706 4174
16 289 4176
662 536 4177
665 493 4180
696 141 4181
338 63 4182
361 191 4184
335 615 4186
30 398 4188
635 505 4191
533 336 4193
190 476 4194
430 157 4197
651 618 4198
725 132 4199
395 397 4200
117 509 4201
281 435 4203
363 7 4206
343 558 4209
172 472 4210
271 162 4212
703 299 4214
92 552 4216
278 701 4218
570 401 4219
25 409 4221
565 100 4223
247 487 4226
252 643 4228
583 405 4230
95 219 4232
669 653 4234
404 490 4236
426 28 4237
313 711 4238
91 277 4241
82 491 4242
723 149 4245
614 57 4246
501 568 4248
439 384 4251
698 614 4253
254 544 4256
199 550 4257
165 608 4258
675 423 4261
394 136 4262
205 575 4265
668 9 4268
455 642 4271
244 99 4272
380 269 4274
379 336 4277
3 62 4278
431 563 4281
561 325 4282
478 133 4284
511 391 4285
463 221 4287
363 14 4288
673 89 4290
196 172 4292
240 198 4295
648 462 4296
289 59 4297
6 159 4298
554 352 4299
483 240 4302
31 414 4304
587 609 4307
655 336 4308
304 209 4309
67 702 4312
478 625 4314
205 439 4315
536 551 4316
591 326 4317
448 172 4319
335 147 4322
102 392 4323
168 68 4325
211 230 4327
393 683 4328
54 709 4329
527 332 4330
345 69 4333
114 166 4335
655 125 4338
141 36 4340
31 511 4343
671 260 4346
417 634 4348
376 621 4350
30 581 4353
117 184 4354
143 184 4357
330 487 4359
471 424 4361
180 358 4364
349 712 4367
595 39 4370
259 650 4371
321 274 4372
380 666 4373
44 206 4374
69 577 4375
79 217 4376
380 225 4379
366 415 4381
152 586 4384
399 185 4386
228 426 4387
402 310 4389
259 525 4391
172 665 4394
713 465 4396
476 41 4399
669 642 4401
575 423 4404
322 584 4405
292 571 4408
722 405 4409
1 176 4410
223 596 4412
407 228 4415
679 153 4417
616 442 4419
173 54 4421
390 717 4424
235 667 4426
364 320 4428
190 290 4429
582 604 4431
28 233 4432
243 602 4434
493 250 4435
386 481 4437
426 526 4439
552 404 4441
324 438 4442
598 495 4443
189 84 4445
254 313 4448
313 680 4449
517 213 4450
112 234 4451
725 432 4453
583 505 4454
610 689 4456
561 602 4457
428 409 4460
56 554 4461
13 126 4463
417 93 4464
437 116 4467
441 399 4470
149 718 4473
722 183 4476
650 574 4477
182 342 4480
679 503 4483
57 55 4485
57 682 4487
341 192 4490
8 575 4493
174 120 4495
147 705 4496
486 129 4498
224 93 4501
54 339 4503
441 531 4505
300 323 4507
592 348 4509
692 682 4512
479 630 4515
319 250 4516
471 621 4517
148 650 4519
305 689 4521
591 136 4522
390 674 4525
437 138 4527
605 483 4528
384 97 4529
173 56 4530
193 513 4533
518 582 4535
494 215 4536
31 323 4539
566 246 4540
449 205 4543
445 68 4545
728 65 4546
579 398 4549
346 354 4552
613 13 4553
320 358 4555
547 509 4556
303 694 4559
602 630 4560
544 707 4561
457 726 4562
87 28 4563
124 504 4566
450 73 4569
571 153 4570
383 3 4571
217 618 4574
642 515 4577
684 282 4578
6 624 4579
174 638 4580
304 268 4583
388 664 4585
304 711 4586
610 330 4589
211 232 4591
498 458 4593
187 619 4594
633 514 4596
214 54 4598
77 659 4599
594 318 4602
480 563 4603
500 445 4606
292 612 4609
54 435 4612
397 726 4615
567 619 4618
623 662 4621
321 139 4622
623 146 4625
369 479 4626
348 170 4627
462 226 4629
653 315 4632
186 289 4634
401 490 4636
423 460 4639
3 463 4642
671 171 4644
604 423 4647
369 665 4648
116 24 4650
680 248 4652
485 623 4653
486 256 4654
407 295 4657
604 18 4660
411 191 4661
465 283 4664
153 499 4665
390 460 4666
637 208 4667
283 648 4670
282 174 4671
60 19 4673
388 698 4675
687 36 4678
545 271 4679
398 56 4682
564 666 4685
699 336 4687
268 641 4689
269 696 4691
387 472 4692
204 78 4695
279 680 4697
169 324 4700
31 454 4703
563 510 4704
419 253 4706
448 721 4707
172 369 4710
269 666 4711
488 163 4714
226 349 4717
108 375 4720
8 102 4723
651 395 4726
57 330 4729
14 641 4730
66 389 4732
575 157 4735
311 583 4736
658 291 4738
190 548 4741
145 549 4744
9 111 4746
691 82 4748
252 139 4749
300 391 4752
325 584 4754
640 661 4756
31 202 4759
203 710 4760
121 222 4762
470 170 4765
722 559 4767
144 113 4770
670 547 4772
584 708 4775
226 729 4778
274 512 4779
427 189 4782
306 406 4783
115 102 4786
232 698 4788
87 722 4791
353 608 4793
64 603 4796
588 146 4799
182 277 4802
659 135 4804
123 399 4806
577 270 4808
662 88 4811
220 29 4814
524 693 4815
566 306 4818
690 554 4819
460 310 4822
275 634 4823
49 410 4824
479 249 4827
530 669 4829
720 310 4831
167 669 4833
679 616 4835
689 158 4837
580 79 4839
120 505 4840
401 316 4842
14 570 4845
356 684 4848
618 122 4849
104 285 4852
454 352 4855
62 562 4858
646 224 4860
84 657 4863
645 479 4866
488 619 4867
208 376 4869
431 340 4871
174 40 4872
62 221 4874
582 242 4877
147 80 4879
715 344 4880
141 525 4882
99 607 4884
276 290 4887
373 608 4889
410 417 4891
417 401 4894
592 575 4896
73 498 4897
68 575 4898
629 116 4901
467 43 4903
355 545 4906
128 19 4909
208 184 4912
492 81 4914
399 452 4917
504 579 4920
167 119 4922
387 276 4924
132 538 4926
83 710 4927
331 82 4928
657 154 4931
502 38 4932
328 373 4935
589 446 4936
382 440 4939
501 327 4942
238 215 4944
33 202 4947
577 449 4948
640 164 4949
664 721 4952
213 715 4955
563 406 4957
37 115 4960
457 372 4963
339 239 4966
266 273 4968
218 614 4971
637 17 4974
623 724 4976
239 650 4979
206 644 4981
228 385 4982
267 74 4984
394 374 4987
52 183 4988
127 473 4991
373 422 4994
69 382 4997
563 255 4999
609 575 5002
400 706 5004
147 9 5006
199 49 5007
547 92 5009
334 729 5012
449 708 5013
648 515 5014
607 281 5016
356 160 5018
508 173 5020
632 715 5022
208 457 5025
702 305 5028
708 219 5029
465 517 5030
211 521 5033
586 295 5036
544 454 5037
282 655 5040
234 624 5043
571 455 5046
560 477 5047
707 582 5048
530 205 5050
693 611 5051
120 195 5053
386 330 5054
174 199 5056
169 663 5058
338 208 5060
400 116 5063
542 185 5064
494 44 5066
121 354 5067
659 698 5068
80 452 5070
603 318 5071
706 729 5072
481 342 5075
464 52 5078
485 426 5080
124 198 5083
667 468 5086
478 417 5087
283 700 5088
224 290 5091
345 369 5093
300 225 5095
464 91 5098
494 103 5100
201 227 5101
365 35 5104
70 185 5107
268 110 5108
416 703 5110
549 378 5112
130 111 5115
293 139 5116
22 115 5119
555 259 5122
532 349 5123
444 91 5126
641 98 5127
240 547 5128
34 353 5131
206 267 5133
378 100 5134
603 611 5137
489 332 5140
312 504 5142
350 65 5144
512 42 5145
177 109 5148
46 451 5150
422 423 5152
161 572 5154
267 251 5155
486 29 5156
443 581 5159
551 28 5160
670 107 5161
484 273 5164
339 100 5166
393 220 5167
248 489 5170
325 343 5171
4 216 5172
595 434 5173
342 25 5176
608 300 5178
522 440 5179
450 513 5180
398 602 5182
367 71 5183
31 217 5185
224 567 5186
560 62 5188
114 29 5189
327 439 5190
159 509 5191
296 470 5192
498 92 5194
609 217 5196
253 239 5199
200 656 5200
600 81 5202
722 252 5203
443 548 5205
360 438 5207
729 578 5210
131 371 5212
281 460 5214
132 626 5216
724 516 5217
122 344 5220
522 474 5222
92 384 5225
60 298 5228
107 425 5231
331 447 5232
537 394 5235
198 526 5237
705 612 5239
286 128 5242
56 408 5244
390 589 5246
238 93 5249
127 633 5250
598 609 5251
25 717 5254
258 523 5255
686 521 5258
506 646 5259
642 484 5260
444 603 5262
198 470 5264
606 36 5265
643 583 5266
440 705 5269
258 203 5270
609 639 5273
489 671 5274
617 348 5275
484 10 5277
660 567 5279
645 225 5282
560 591 5284
238 494 5286
187 266 5289
336 124 5290
342 260 5291
660 21 5294
371 382 5297
141 615 5298
163 321 5299
2 249 5301
419 239 5303
426 686 5306
720 100 5308
44 387 5311
613 463 5312
128 143 5315
82 595 5316
670 564 5319
491 636 5320
287 635 5323
80 315 5325
407 502 5327
529 244 5330
192 449 5333
575 512 5334
91 207 5337
486 58 5338
623 216 5340
517 100 5341
632 513 5342
263 82 5345
670 729 5348
348 437 5350
669 581 5353
69 444 5355
432 366 5357
693 536 5358
172 548 5361
393 495 5362
329 345 5363
720 326 5364
343 536 5366
70 538 5368
498 112 5369
446 149 5370
161 40 5372
551 601 5374
657 404 5376
697 111 5377
462 339 5380
246 205 5382
702 344 5383
475 325 5384
258 205 5385
144 512 5388
52 644 5390
347 133 5391
21 600 5394
33 377 5395
184 710 5398
261 174 5401
572 179 5403
357 561 5404
342 153 5407
9 580 5409
166 712 5411
254 489 5413
434 642 5416
387 630 5417
209 326 5418
588 595 5421
344 592 5423
180 537 5425
671 412 5428
37 526 5429
433 290 5432
543 258 5434
362 118 5436
29 58 5438
222 287 5440
127 502 5442
404 229 5444
179 361 5446
158 21 5449
360 303 5452
63 268 5454
395 177 5456
444 303 5458
109 342 5460
614 650 5462
461 186 5463
232 417 5465
14 407 5467
393 210 5470
255 636 5472
432 40 5473
109 237 5476
704 5 5478
358 556 5481
426 582 5484
189 187 5487
457 477 5488
723 6 5491
644 274 5494
653 264 5496
420 648 5497
686 664 5499
14 295 5502
622 250 5504
197 122 5506
71 407 5509
271 246 5510
295 71 5513
378 517 5514
448 472 5515
5 358 5517
353 12 5520
56 282 5522
122 370 5523
315 654 5525
488 657 5527
314 659 5529
555 542 5530
260 272 5531
467 158 5533
420 326 5536
307 448 5538
298 40 5539
632 461 5541
401 82 5544
30 236 5546
562 359 5549
180 284 5550
136 250 5553
460 296 5556
60 262 5557
369 703 5558
458 691 5560
382 450 5561
15 440 5563
209 313 5565
510 157 5567
317 552 5568
715 711 5571
344 164 5574
271 581 5576
336 544 5577
224 190 5579
95 435 5581
401 484 5583
328 89 5585
134 186 5587
636 455 5588
551 538 5591
710 44 5594
492 620 5596
699 322 5598
300 414 5599
207 450 5602
228 66 5604
567 23 5607
455 625 5608
583 13 5611
7 288 5614
229 346 5616
320 519 5618
263 673 5619
236 443 5620
649 288 5623
547 379 5626
451 2 5628
503 108 5631
271 87 5634
257 159 5635
622 596 5638
380 510 5640
212 294 5643
267 129 5645
496 41 5648
652 306 5650
109 171 5653
262 701 5654
482 282 5657
85 157 5660
402 470 5662
204 206 5665
3 118 5668
521 698 5671
95 601 5674
651 193 5676
381 244 5678
177 254 5681
30 278 5683
204 706 5684
154 729 5686
263 541 5689
575 229 5692
423 514 5695
188 685 5698
510 15 5699
139 200 5702
663 100 5705
400 352 5706
566 671 5708
366 504 5710
417 422 5711
325 579 5712
637 45 5715
338 35 5718
214 624 5721
234 54 5724
428 149 5727
292 700 5730
665 492 5733
227 726 5734
460 214 5737
333 63 5739
458 20 5741
83 687 5743
334 455 5745
483 669 5748
626 173 5751
229 530 5752
425 723 5753
679 590 5754
714 609 5757
249 198 5758
264 684 5760
223 526 5762
670 91 5765
410 666 5767
521 538 5768
608 273 5771
85 462 5772
203 657 5775
671 428 5776
564 90 5779
601 602 5780
401 491 5782
182 651 5785
648 313 5786
13 729 5787
540 536 5790
36 555 5792
497 565 5794
58 646 5796
517 565 5799
485 645 5800
71 144 5802
728 315 5804
99 18 5805
137 133 5807
635 443 5808
543 643 5809
553 66 5812
271 588 5813
538 211 5816
554 684 5818
645 513 5821
260 415 5822
710 119 5823
600 631 5825
103 76 5827
640 372 5829
124 588 5830
603 653 5833
668 636 5836
656 139 5839
31 339 5841
10 162 5844
614 133 5845
707 677 5848
605 334 5849
390 612 5850
542 175 5851
510 226 5854
138 618 5855
489 430 5856
367 594 5859
642 107 5862
225 617 5863
316 82 5865
106 28 5866
525 203 5869
98 333 5870
522 151 5871
646 166 5873
612 91 5874
90 560 5877
513 693 5879
208 131 5881
533 711 5883
283 330 5886
525 167 5888
720 421 5891
728 654 5893
457 290 5895
552 442 5898
380 538 5900
89 298 5901
621 661 5902
40 153 5904
216 602 5906
166 220 5908
237 425 5910
674 214 5911
403 128 5913
704 18 5914
3 631 5915
288 240 5916
517 588 5919
436 705 5921
90 586 5922
115 82 5925
3 438 5928
160 384 5930
441 424 5933
291 401 5935
624 631 5938
555 323 5939
671 76 5940
556 290 5942
635 120 5945
27 598 5948
188 635 5950
696 590 5952
50 369 5955
492 493 5956
99 405 5957
22 8 5959
188 98 5960
144 524 5961
583 32 5963
393 633 5965
659 327 5968
626 289 5970
620 122 5971
194 280 5974
720 474 5975
508 409 5977
23 537 5978
371 96 5980
401 470 5983
288 553 5986
64 466 5987
709 201 5990
105 122 5991
157 687 5993
696 133 5995
260 171 5998
94 266 6000
335 483 6003
68 721 6004
126 286 6007
412 672 6009
241 150 6011
544 502 6012
214 571 6015
543 164 6016
373 332 6018
161 120 6019
1 192 6022
670 561 6023
693 51 6024
138 169 6027
273 258 6028
380 221 6031
599 298 6034
538 665 6035
318 473 6038
413 313 6039
72 142 6042
480 574 6044
109 562 6045
725 297 6046
338 266 6048
191 128 6049
678 246 6050
303 655 6052
707 724 6053
101 544 6054
653 301 6055
564 59 6056
8 317 6059
351 238 6061
501 703 6063
127 423 6065
327 466 6068
453 139 6070
209 720 6071
641 240 6072
437 62 6074
221 592 6075
699 81 6078
306 693 6081
178 11 6082
428 245 6084
312 305 6086
184 430 6088
481 255 6089
366 481 6091
361 674 6094
618 169 6096
451 450 6097
605 157 6098
514 527 6101
134 71 6104
725 40 6107
436 270 6109
464 41 6110
197 510 6113
96 539 6116
458 153 6118
245 539 6120
312 375 6122
485 450 6125
378 675 6126
699 326 6129
598 387 6132
532 495 6134
341 176 6136
493 48 6137
543 558 6140
486 374 6141
203 191 6143
617 310 6146
83 681 6149
498 2 6152
484 224 6155
343 283 6157
13 449 6158
546 392 6160
574 453 6161
22 85 6162
586 3 6164
396 679 6166
507 27 6168
303 334 6169
627 526 6172
382 616 6173
264 282 6176
487 20 6178
56 572 6181
537 622 6182
189 453 6183
489 47 6186
133 479 6188
195 289 6189
444 591 6190
246 704 6192
53 564 6194
265 73 6195
447 250 6197
261 438 6199
619 703 6202
492 3 6204
68 413 6207
145 532 6209
525 687 6212
548 581 6214
124 540 6215
70 411 6216
119 685 6217
123 525 6218
128 393 6220
565 494 6223
36 259 6225
244 59 6226
400 1 6228
711 458 6229
613 542 6231
435 246 6233
555 203 6234
252 233 6236
470 304 6239
102 533 6242
505 87 6243
240 649 6245
4 617 6248
468 322 6249
247 538 6251
536 49 6253
265 27 6256
293 480 6258
254 102 6259
248 703 6262
222 315 6263
153 130 6266
70 725 6267
267 308 6269
290 382 6270
396 351 6271
566 292 6274
121 137 6276
462 443 6277
669 515 6279
662 654 6280
311 718 6282
120 87 6285
7 195 6288
401 253 6289
254 602 6292
177 476 6293
307 393 6294
291 316 6295
343 582 6297
320 44 6300
456 703 6301
443 456 6304
194 433 6306
522 10 6309
111 726 6310
275 218 6312
327 688 6314
316 312 6315
570 495 6318
360 154 6320
641 282 6322
678 355 6324
132 59 6327
683 301 6329
694 655 6331
710 343 6332
448 81 6335
36 681 6338
373 472 6341
344 711 6343
668 218 6344
471 436 6345
539 409 6346
71 65 6348
672 459 6349
688 77 6351
624 479 6354
40 146 6355
194 518 6357
566 19 6360
24 725 6362
93 433 6364
488 348 6366
224 418 6368
203 200 6370
4 226 6371
157 443 6372
468 475 6374
533 392 6376
184 108 6379
297 234 6381
523 615 6382
499 453 6385
445 97 6386
188 125 6389
555 148 6390
410 700 6393
346 653 6395
365 656 6396
514 353 6398
445 511 6400
7 169 6402
521 424 6403
687 447 6405
67 433 6408
529 11 6410
70 521 6412
419 184 6415
166 583 6417
485 4 6418
481 575 6419
613 566 6422
239 231 6425
223 581 6427
329 680 6428
148 42 6431
125 408 6434
670 118 6435
11 717 6436
280 502 6438
208 44 6439
223 174 6442
373 200 6443
622 90 6446
170 36 6448
579 700 6450
647 677 6452
32 87 6454
466 54 6455
430 520 6456
342 463 6457
67 422 6458
500 243 6460
669 335 6461
577 629 6463
330 253 6465
556 166 6467
339 22 6468
549 634 6470
338 55 6473
307 721 6476
36 52 6479
660 510 6482
624 458 6485
277 89 6487
10 570 6489
399 567 6490
455 144 6491
387 590 6493
694 283 6495
718 186 6498
471 569 6499
351 483 6502
244 460 6503
294 92 6505
528 381 6506
34 122 6508
364 489 6509
315 121 6510
99 485 6512
27 549 6514
684 41 6516
156 503 6517
79 549 6519
374 463 6520
243 246 6521
148 716 6522
124 38 6524
200 34 6527
441 241 6530
516 430 6531
643 98 6533
455 364 6536
329 378 6538
460 478 6539
606 615 6541
363 413 6543
632 391 6545
14 426 6546
387 587 6549
350 5 6551
62 386 6554
507 598 6557
109 248 6558
676 680 6561
240 476 6564
50 589 6565
592 51 6566
412 134 6568
570 124 6570
547 30 6572
283 88 6575
674 634 6576
469 207 6578
574 404 6581
183 699 6582
454 202 6585
188 583 6587
720 272 6589
273 443 6591
385 686 6592
516 157 6593
126 50 6594
636 284 6596
337 167 6598
26 422 6601
620 684 6602
566 627 6604
584 511 6606
242 237 6608
530 117 6610
311 38 6611
342 676 6614
637 54 6616
87 699 6619
313 426 6621
212 336 6624
454 674 6627
395 391 6628
365 187 6629
225 117 6630
262 700 6632
25 637 6635
567 641 6638
31 423 6639
256 276 6641
211 474 6644
644 480 6647
484 71 6650
357 508 6653
664 285 6655
572 498 6657
255 277 6658
697 521 6659
632 16 6662
235 579 6663
558 116 6664
189 606 6666
329 213 6668
341 2 6669
430 445 6670
32 708 6671
145 481 6674
277 449 6676
445 639 6678
610 216 6680
76 418 6681
690 464 6683
3 136 6684
86 526 6687
399 300 6690
614 176 6693
112 141 6696
26 190 6698
235 576 6699
259 404 6700
20 10 6703
312 568 6706
459 620 6707
654 426 6708
504 432 6710
477 152 6713
308 12 6716
429 680 6718
336 15 6721
201 229 6724
546 533 6727
24 614 6729
382 418 6731
340 73 6732
260 680 6734
327 205 6737
478 429 6738
519 139 6740
719 538 6743
132 424 6745
265 549 6748
132 289 6750
156 416 6751
466 364 6752
201 88 6754
536 670 6755
168 33 6758
304 565 6760
524 511 6763
272 658 6765
341 451 6766
172 693 6768
88 107 6771
570 491 6773
149 50 6775
408 483 6777
235 616 6778
438 622 6779
150 347 6782
123 98 6783
469 467 6786
211 363 6787
193 430 6788
515 312 6790
117 662 6791
652 520 6793
72 392 6795
349 590 6798
280 315 6800
704 201 6802
256 653 6805
235 97 6808
137 53 6811
623 693 6814
532 609 6817
230 150 6819
221 724 6822
574 8 6824
562 133 6825
662 558 6827
356 305 6829
394 48 6831
117 55 6833
633 114 6834
233 635 6836
414 260 6838
445 412 6841
282 5 6843
680 420 6844
433 103 6847
676 651 6849
622 376 6852
196 382 6855
555 137 6857
514 14 6860
412 689 6862
49 294 6865
19 216 6868
264 557 6869
57 363 6872
35 658 6873
441 477 6874
579 162 6875
451 206 6876
642 352 6878
140 99 6880
8 589 6881
489 177 6882
515 330 6883
421 241 6885
693 684 6887
112 92 6890
668 175 6891
475 52 6893
202 255 6895
31 611 6898
465 292 6901
81 452 6902
225 709 6903
327 229 6905
576 720 6907
596 301 6909
727 388 6912
395 671 6913
693 428 6916
233 427 6917
275 189 6920
236 510 6921
409 371 6922
563 512 6924
459 512 6925
378 482 6927
463 727 6928
570 380 6931
64 576 6934
616 374 6937
286 191 6939
487 639 6940
534 441 6943
598 714 6944
674 502 6945
274 98 6948
301 270 6950
707 119 6951
669 124 6954
495 29 6957
629 207 6958
480 404 6961
527 417 6964
182 415 6967
606 599 6970
617 666 6971
470 269 6974
315 363 6977
62 379 6980
477 359 6981
450 48 6984
605 497 6986
631 537 6988
357 353 6989
25 45 6991
533 254 6992
670 443 6994
319 670 6996
640 666 6999
106 250 7000
413 456 7002
164 497 7005
614 586 7007
93 494 7008
153 657 7009
278 16 7011
638 373 7013
260 304 7015
608 338 7017
245 671 7018
79 532 7020
557 690 7021
703 126 7022
420 310 7025
470 580 7027
617 626 7029
325 314 7031
25 246 7033
373 491 7034
232 429 7035
331 134 7038
573 363 7041
546 322 7043
19 662 7044
692 286 7045
480 154 7046
477 467 7047
712 160 7048
347 344 7050
106 530 7053
654 347 7055
514 137 7056
706 140 7057
85 118 7060
139 726 7063
113 404 7064
149 346 7065
7 132 7066
528 530 7068
241 649 7070
424 368 7072
319 630 7075
240 557 7077
657 401 7080
575 266 7081
280 423 7082
276 673 7084
592 242 7087
85 362 7088
22 352 7089
80 270 7090
697 13 7093
300 352 7096
173 639 7099
624 659 7100
578 413 7101
158 695 7103
404 650 7106
253 259 7107
242 395 7108
314 408 7111
527 26 7112
488 536 7114
296 553 7117
722 52 7119
319 375 7121
666 287 7122
530 335 7123
584 624 7124
497 100 7127
691 54 7129
209 565 7131
156 215 7133
504 536 7134
707 363 7135
608 297 7138
491 512 7139
140 359 7140
577 623 7141
108 432 7144
199 384 7145
144 334 7148
31 587 7150
253 113 7152
430 550 7153
687 555 7155
5 180 7157
162 644 7159
248 171 7161
84 321 7163
417 680 7165
373 215 7167
713 40 7170
604 200 7171
179 603 7173
9 231 7174
670 544 7175
218 457 7178
119 563 7181
144 608 7184
326 355 7187
696 572 7190
588 515 7191
439 335 7194
558 524 7195
352 390 7198
593 644 7201
559 206 7204
333 188 7207
533 676 7208
599 278 7211
498 32 7212
681 189 7214
229 70 7217
278 176 7220
228 526 7221
667 198 7222
634 558 7224
680 304 7225
243 136 7227
205 229 7228
462 726 7229
640 273 7230
464 240 7233
234 604 7236
221 562 7238
530 108 7241
196 134 7243
660 474 7246
482 155 7249
64 246 7250
599 469 7251
67 238 7253
331 625 7255
291 303 7256
214 607 7258
353 628 7261
56 655 7264
373 266 7266
480 397 7269
583 219 7270
148 133 7271
467 238 7274
24 298 7275
91 172 7278
108 274 7280
443 630 7281
333 309 7283
177 332 7286
690 240 7289
390 3 7290
665 131 7291
97 49 7294
457 681 7297
87 252 7298
620 601 7300
694 705 7302
96 248 7305
659 299 7307
192 451 7310
500 153 7311
656 159 7314
337 108 7315
263 59 7316
258 373 7317
118 207 7318
32 35 7321
665 596 7324
606 338 7326
51 100 7328
616 639 7329
339 153 7330
584 164 7332
210 633 7335
343 662 7338
375 698 7341
476 509 7343
468 461 7345
185 719 7346
174 325 7347
513 150 7348
397 644 7351
152 175 7354
306 193 7355
148 259 7357
364 243 7358
531 464 7359
474 537 7360
339 446 7363
324 292 7364
678 81 7367
24 192 7368
683 114 7370
570 668 7372
290 76 7373
305 268 7375
41 16 7378
277 430 7380
618 195 7382
152 645 7385
662 159 7386
287 121 7388
660 597 7391
395 237 7392
712 276 7393
702 620 7394
688 144 7395
275 144 7397
287 206 7399
380 569 7402
244 661 7403
432 656 7404
216 384 7406
575 127 7408
215 520 7411
60 257 7414
430 362 7415
250 472 7418
33 40 7420
125 615 7423
368 195 7426
471 660 7428
589 361 7429
583 563 7431
219 464 7433
531 84 7434
613 100 7437
535 610 7439
217 430 7440
686 729 7441
713 700 7442
370 192 7443
681 656 7446
61 128 7449
592 257 7450
252 476 7452
524 674 7453
716 264 7454
283 704 7455
719 143 7457
493 622 7458
508 295 7460
366 515 7462
112 380 7463
634 430 7464
507 609 7467
670 602 7468
385 26 7470
281 381 7471
423 507 7474
675 517 7477
168 721 7480
75 452 7481
275 47 7484
6 584 7485
58 389 7487
473 626 7489
184 696 7490
183 100 7491
592 715 7494
136 724 7495
29 190 7498
605 571 7500
95 200 7502
17 368 7504
11 133 7505
301 420 7506
309 264 7508
158 345 7509
531 429 7512
220 21 7513
651 214 7515
583 628 7518
457 55 7520
490 528 7521
712 718 7522
527 142 7524
318 351 7526
345 622 7528
294 670 7529
353 308 7530
62 695 7532
702 13 7534
10 50 7536
532 265 7537
61 191 7538
726 635 7541
162 255 7542
129 308 7545
538 119 7547
408 691 7549
220 154 7551
54 6 7554
309 142 7557
473 138 7558
113 521 7559
481 430 7561
489 171 7564
32 175 7567
6 431 7570
306 19 7573
137 180 7575
583 125 7577
208 302 7580
274 314 7583
303 176 7585
479 16 7588
315 423 7589
698 78 7591
400 709 7592
82 628 7593
227 717 7595
345 161 7596
435 699 7599
654 466 7601
652 227 7602
269 202 7604
21 695 7607
712 387 7610
152 24 7612
187 480 7615
4 713 7618
43 526 7619
75 17 7620
259 606 7621
477 106 7622
248 676 7624
556 388 7626
465 19 7629
651 550 7632
251 285 7634
653 271 7636
561 524 7639
726 419 7642
212 279 7644
81 75 7645
544 402 7646
230 420 7648
46 341 7651
678 343 7653
716 105 7656
296 43 7657
317 399 7660
355 232 7661
246 218 7663
378 488 7665
362 278 7667
399 466 7670
402 212 7671
429 441 7674
331 571 7677
366 41 7680
402 147 7683
643 701 7684
372 35 7686
656 314 7688
275 640 7690
334 338 7692
430 651 7695
291 352 7698
297 563 7700
664 426 7703
507 118 7704
429 643 7705
49 399 7706
216 460 7709
463 355 7711
514 686 7712
470 687 7714
190 417 7716
171 416 7717
267 432 7720
640 207 7722
402 489 7725
160 198 7728
443 575 7729
41 572 7732
391 362 7734
517 329 7735
140 629 7737
226 406 7738
466 702 7740
158 221 7743
193 415 7746
720 699 7749
395 575 7751
105 615 7753
537 134 7756
719 678 7757
474 684 7760
613 203 7761
444 449 7762
38 27 7763
211 70 7765
223 186 7768
287 240 7771
118 297 7772
379 529 7775
632 151 7777
351 603 7780
618 663 7782
43 492 7783
625 315 7784
655 311 7787
299 105 7790
650 470 7793
9 304 7794
9 404 7795
23 436 7796
578 670 7797
51 58 7799
57 355 7802
6 171 7803
646 548 7805
442 69 7806
321 230 7807
34 66 7808
445 146 7809
659 124 7810
387 433 7813
378 720 7815
352 323 7818
492 48 7821
136 158 7823
560 562 7825
579 321 7826
56 440 7827
608 275 7829
204 552 7830
336 154 7832
425 608 7835
484 636 7836
630 398 7838
188 335 7839
699 277 7840
186 717 7841
559 166 7844
386 221 7847
222 603 7850
40 274 7851
224 76 7854
121 123 7855
442 89 7856
187 656 7858
699 9 7859
248 425 7862
571 625 7863
438 172 7865
152 360 7868
548 388 7871
605 218 7874
654 350 7876
51 594 7879
495 486 7880
549 701 7881
20 668 7882
403 158 7883
536 561 7886
63 600 7889
537 522 7890
210 224 7892
9 28 7895
595 725 7897
307 540 7900
492 221 7903
67 66 7906
235 470 7907
677 268 7909
51 711 7910
488 359 7913
330 590 7915
517 416 7918
292 88 7919
175 62 7922
372 338 7923
347 674 7926
424 74 7928
55 290 7929
547 24 7931
111 720 7932
355 386 7933
91 575 7935
29 548 7938
54 89 7941
288 557 7942
50 186 7945
579 366 7947
512 138 7948
401 47 7949
449 440 7952
296 33 7953
315 549 7955
721 445 7957
152 80 7959
353 148 7960
564 202 7962
566 694 7965
624 391 7966
475 402 7969
679 256 7971
649 611 7974
208 218 7976
130 397 7979
631 567 7980
507 251 7982
598 472 7984
181 430 7985
558 599 7988
324 303 7989
137 250 7990
155 557 7993
188 101 7994
694 436 7996
396 434 7999
191 90 8001
630 332 8003
718 446 8006
312 155 8007
336 161 8008
477 231 8011
228 630 8014
579 725 8015
351 260 8016
192 207 8018
161 555 8021
300 116 8023
123 170 8025
182 674 8028
477 387 8029
123 314 8031
197 84 8034
217 387 8035
137 665 8038
186 214 8041
376 372 8044
603 271 8046
425 245 8048
243 579 8051
711 565 8054
97 536 8056
575 683 8059
175 669 8061
599 247 8063
172 15 8064
430 592 8067
24 438 8068
264 56 8069
609 443 8070
594 395 8071
291 451 8073
452 597 8075
662 524 8078
81 48 8079
84 606 8082
588 642 8085
366 325 8088
493 132 8091
723 93 8092
264 142 8094
213 471 8095
188 198 8096
452 500 8098
56 584 8099
674 556 8100
493 81 8103
348 329 8104
149 652 8106
604 689 8109
678 570 8112
519 633 8114
234 255 8117
24 477 8119
166 549 8120
631 96 8123
716 404 8126
200 453 8129
333 335 8130
231 726 8131
324 437 8133
616 596 8134
25 96 8136
437 325 8138
441 63 8139
245 412 8142
669 236 8143
353 111 8146
139 183 8148
379 554 8149
624 147 8151
639 543 8152
643 123 8154
120 528 8156
351 439 8159
531 557 8162
177 171 8165
367 66 8168
99 513 8169
327 201 8171
673 291 8174
373 214 8177
652 446 8179
241 657 8180
171 678 8181
221 685 8182
234 192 8184
657 28 8187
367 238 8188
583 684 8190
211 585 8192
393 227 8194
204 274 8195
637 491 8197
617 211 8199
506 129 8200
571 376 8201
511 634 8203
30 729 8205
32 375 8207
600 232 8209
368 74 8210
159 283 8213
132 478 8215
443 707 8216
104 499 8218
203 36 8220
20 484 8223
167 503 8224
384 643 8226
717 254 8228
461 299 8229
11 70 8232
552 562 8233
440 48 8235
472 721 8237
698 21 8239
61 542 8240
644 729 8242
354 331 8245
491 14 8247
145 495 8250
697 143 8252
500 448 8253
134 625 8255
216 202 8258
363 145 8259
317 300 8260
82 582 8261
232 96 8262
92 504 8263
497 710 8265
482 576 8267
715 517 8269
292 330 8271
334 218 8273
146 243 8275
661 143 8276
492 622 8278
547 190 8281
433 189 8282
505 470 8284
45 717 8287
213 164 8290
261 75 8292
456 155 8295
261 419 8298
50 11 8299
617 424 8300
523 525 8301
304 224 8303
335 108 8305
565 335 8306
77 455 8307
312 346 8310
275 457 8313
81 597 8316
66 582 8319
263 371 8321
77 642 8323
558 656 8326
33 97 8329
609 79 8331
190 587 8333
202 674 8335
20 208 8336
311 408 8338
276 251 8339
526 73 8341
66 726 8344
610 412 8345
649 554 8348
580 233 8351
456 81 8353
532 506 8355
95 356 8357
440 55 8360
472 639 8363
653 24 8365
600 467 8368
566 283 8370
189 85 8373
83 564 8375
489 676 8377
716 101 8380
406 361 8381
673 166 8382
608 302 8383
606 258 8384
340 365 8386
9 134 8388
597 324 8390
599 207 8392
369 75 8394
580 100 8396
691 22 8397
630 670 8400
543 122 8402
70 94 8404
686 604 8405
337 720 8407
705 256 8409
130 511 8410
457 334 8412
611 450 8414
367 127 8417
106 170 8418
565 212 8419
225 119 8420
534 240 8423
171 412 8425
406 437 8428
623 306 8431
79 168 8433
13 137 8435
708 722 8437
417 521 8440
325 33 8443
518 426 8444
110 466 8445
84 661 8448
370 701 8451
182 441 8453
577 370 8455
351 465 8458
109 474 8461
35 668 8462
637 356 8463
328 230 8466
112 615 8468
158 613 8469
644 710 8471
146 495 8473
458 712 8476
218 618 8479
635 482 8481
512 605 8482
576 60 8485
373 35 8487
217 587 8490
377 450 8493
276 487 8496
638 402 8498
332 392 8499
183 55 8501
455 448 8503
448 445 8505
290 513 8508
85 204 8509
656 687 8510
303 125 8511
687 253 8514
149 468 8516
140 701 8518
413 536 8519
663 616 8521
108 77 8524
589 255 8525
467 119 8528
360 225 8529
645 564 8531
220 532 8532
239 682 8534
1 451 8536
403 399 8538
703 163 8541
243 343 8542
374 21 8544
280 66 8547
510 122 8550
250 448 8552
113 583 8553
669 116 8555
139 574 8558
399 158 8560
284 358 8561
550 677 8564
636 570 8567
121 53 8568
56 41 8569
324 2 8572
718 626 8574
278 99 8575
292 351 8577
621 37 8579
311 92 8580
346 434 8582
206 664 8583
55 681 8584
57 528 8585
463 560 8587
634 381 8589
465 603 8592
564 46 8594
415 6 8595
183 252 8597
615 330 8598
160 92 8599
267 257 8600
44 57 8602
256 673 8603
556 524 8605
270 694 8608
321 528 8610
475 473 8613
82 291 8614
117 696 8617
482 501 8620
210 234 8623
564 380 8625
631 660 8628
246 345 8631
717 601 8633
586 573 8636
172 75 8638
262 437 8641
118 95 8642
49 162 8643
487 653 8645
336 68 8648
623 19 8650
335 117 8653
136 90 8654
372 606 8656
223 433 8658
593 100 8660
141 182 8661
538 394 8663
180 217 8665
690 161 8668
496 528 8669
550 118 8671
673 52 8673
540 434 8674
250 452 8677
110 396 8679
19 410 8681
161 266 8683
324 152 8685
350 134 8686
454 607 8688
312 101 8691
142 620 8692
626 607 8695
627 447 8697
498 708 8699
401 379 8700
505 7 8701
207 300 8704
23 600 8705
242 3 8707
152 136 8709
43 417 8711
459 334 8712
569 363 8713
433 556 8715
506 486 8718
282 689 8720
412 260 8722
483 117 8723
481 213 8725
650 141 8726
654 451 8728
622 515 8730
125 643 8731
532 279 8734
15 196 8735
418 327 8738
169 59 8741
118 511 8742
675 304 8743
209 509 8745
197 430 8747
296 340 8748
34 536 8751
52 476 8753
48 362 8756
324 16 8759
440 369 8762
145 638 8764
310 366 8766
387 349 8769
275 87 8772
309 390 8774
711 669 8775
668 484 8776
603 461 8779
321 576 8782
488 213 8784
244 479 8785
508 163 8787
337 184 8789
561 377 8791
532 710 8793
686 224 8794
250 304 8795
542 126 8797
61 455 8799
395 52 8801
350 301 8803
483 655 8806
62 345 8808
206 285 8810
207 587 8811
586 292 8812
296 9 8814
216 524 8816
728 79 8817
520 50 8818
242 680 8820
37 84 8821
204 231 8822
458 54 8825
659 439 8827
13 12 8829
304 699 8832
348 680 8835
133 685 8837
354 110 8839
335 36 8840
205 467 8841
533 572 8844
402 254 8847
676 374 8850
428 260 8852
107 536 8854
414 263 8857
67 548 8860
689 554 8861
590 277 8863
266 183 8865
70 463 8866
107 398 8868
679 487 8869
239 404 8871
7 299 8872
485 140 8873
30 143 8876
285 109 8878
119 424 8879
325 262 8882
458 205 8884
608 108 8887
39 246 8890
445 250 8891
558 406 8893
583 106 8894
640 242 8897
267 654 8899
662 563 8900
280 538 8903
142 52 8905
519 261 8907
60 410 8909
659 274 8912
717 162 8915
196 99 8917
717 112 8918
625 354 8919
287 508 8921
484 357 8922
97 261 8924
102 544 8926
449 24 8927
48 665 8929
61 336 8930
171 431 8931
284 538 8933
433 238 8934
340 441 8936
712 320 8939
119 57 8941
16 207 8943
642 135 8946
646 389 8947
184 327 8949
594 280 8950
166 506 8951
694 89 8952
269 719 8953
277 410 8955
143 13 8958
458 540 8961
357 518 8964
388 29 8965
194 228 8966
71 66 8969
83 635 8971
264 506 8973
128 595 8976
531 228 8979
695 399 8980
711 702 8983
173 390 8986
345 313 8989
708 476 8990
634 352 8991
126 692 8994
692 411 8996
415 123 8997
303 46 9000
374 23 9001
41 188 9002
508 353 9003
402 216 9005
4 410 9008
547 107 9010
173 249 9012
472 198 9014
213 302 9017
534 150 9019
251 707 9022
556 53 9024
457 696 9026
310 326 9028
604 12 9029
531 309 9031
159 234 9032
131 440 9035
57 477 9038
593 497 9039
120 583 9041
644 101 9043
447 502 9045
470 710 9046
294 282 9049
665 38 9051
503 21 9053
138 63 9056
370 679 9058
668 291 9059
380 626 9060
367 661 9063
504 222 9065
482 641 9066
290 527 9067
438 369 9069
406 176 9071
325 540 9072
566 298 9075
653 263 9078
238 86 9080
202 300 9082
579 536 9084
350 704 9087
684 261 9090
555 716 9092
627 18 9094
417 357 9095
496 288 9097
78 631 9100
701 298 9101
262 403 9104
508 634 9106
132 564 9107
551 398 9109
295 672 9112
150 496 9115
104 656 9117
589 555 9120
596 474 9121
329 488 9122
278 388 9125
142 219 9126
510 601 9128
261 56 9131
102 599 9133
131 257 9134
241 482 9135
529 186 9137
458 415 9138
202 634 9140
554 547 9141
560 345 9142
294 199 9144
65 678 9147
43 115 9149
14 357 9152
446 96 9154
519 479 9155
556 14 9156
546 332 9157
187 200 9160
119 488 9162
719 175 9163
65 280 9165
667 684 9166
599 99 9168
579 208 9170
544 32 9173
43 367 9175
625 77 9176
724 631 9179
97 535 9181
49 579 9184
607 381 9187
150 451 9190
57 666 9193
351 595 9195
374 695 9197
507 183 9198
501 328 9200
512 668 9201
437 377 9203
679 704 9205
16 616 9207
207 108 9210
204 589 9212
310 461 9215
698 13 9218
556 238 9219
576 709 9220
313 432 9223
78 175 9224
249 278 9227
34 197 9228
286 727 9229
241 288 9232
668 354 9233
223 417 9236
469 1 9238
493 80 9241
592 481 9243
134 423 9245
230 641 9247
473 513 9249
265 495 9250
608 184 9252
320 387 9255
305 227 9257
583 476 9259
495 27 9260
615 282 9263
114 389 9266
285 53 9269
108 47 9272
121 582 9275
602 235 9278
678 280 9279
176 438 9281
321 63 9283
242 509 9285
197 516 9287
724 685 9288
423 42 9289
245 182 9290
63 52 9293
513 70 9296
648 517 9297
235 636 9299
441 52 9300
266 640 9302
107 236 9305
607 368 9307
184 266 9309
578 630 9311
565 107 9312
70 408 9313
593 421 9314
397 28 9317
665 440 9320
300 666 9323
541 89 9326
520 227 9328
301 438 9330
244 222 9332
128 504 9335
634 255 9336
416 299 9337
543 572 9339
704 541 9340
18 137 9342
211 21 9344
196 566 9346
260 297 9349
199 398 9352
290 103 9355
549 94 9358
684 142 9360
538 363 9362
228 646 9364
151 15 9367
27 339 9368
591 331 9371
370 292 9374
398 356 9376
523 266 9379
463 143 9380
711 348 9383
79 68 9385
597 467 9388
55 139 9390
484 432 9393
36 397 9395
667 371 9396
21 221 9399
61 185 9401
701 599 9402
447 494 9403
444 360 9404
327 354 9405
698 355 9408
453 258 9411
419 269 9412
382 658 9415
294 314 9416
353 14 9418
165 669 9421
377 236 9424
558 550 9427
174 198 9430
265 519 9432
390 582 9435
514 313 9436
412 237 9438
653 136 9439
22 317 9441
618 435 9443
144 84 9445
104 251 9448
6 554 9450
612 177 9451
523 101 9453
573 368 9454
244 278 9455
623 60 9456
477 136 9458
75 23 9459
257 297 9462
375 686 9465
297 481 9468
387 495 9469
121 498 9472
705 371 9474
468 279 9475
360 136 9478
379 572 9481
191 639 9483
385 223 9486
213 197 9489
661 189 9492
679 639 9494
307 587 9495
660 695 9496
170 643 9498
662 24 9499
175 394 9500
273 189 9503
7 278 9504
709 214 9507
181 517 9508
392 580 9510
621 709 9513
480 148 9516
419 470 9519
601 15 9520
660 438 9521
136 560 9522
253 479 9524
240 343 9526
474 72 9528
35 640 9529
129 680 9532
7 40 9533
342 487 9536
274 543 9537
463 562 9539
55 258 9541
585 677 9542
667 264 9543
212 475 9546
681 165 9549
659 457 9550
466 545 9551
229 455 9553
104 53 9554
658 497 9556
333 655 9559
71 475 9562
367 247 9565
327 135 9567
498 427 9569
148 574 9571
62 232 9572
23 631 9575
18 146 9576
148 141 9577
260 182 9578
231 397 9579
158 660 9582
133 221 9585
707 513 9588
39 433 9589
459 71 9592
589 460 9593
514 582 9596
149 518 9599
442 371 9601
254 385 9604
575 100 9607
206 251 9608
710 101 9609
534 496 9611
453 342 9613
393 196 9614
671 193 9615
173 709 9616
660 72 9618
686 653 9619
385 486 9622
674 19 9625
182 539 9626
595 326 9629
503 379 9630
162 366 9632
198 543 9635
484 576 9637
109 199 9639
361 377 9641
580 361 9642
708 635 9645
359 586 9648
423 508 9649
75 80 9652
568 155 9653
673 72 9655
565 675 9657
129 664 9658
369 80 9661
364 18 9662
719 368 9664
289 225 9666
513 62 9668
406 536 9670
583 123 9672
313 310 9675
537 81 9676
95 547 9678
550 339 9681
351 64 9684
52 201 9687
164 100 9688
300 31 9691
569 74 9692
181 619 9694
111 139 9697
300 415 9699
131 382 9700
141 333 9702
106 344 9704
293 198 9706
194 599 9708
252 387 9710
28 240 9713
14 604 9715
632 62 9716
52 119 9717
346 64 9720
394 232 9723
501 700 9724
205 571 9726
139 358 9728
478 59 9730
177 420 9732
243 700 9735
312 482 9736
188 671 9739
633 29 9742
676 47 9744
89 595 9747
265 400 9750
401 610 9751
168 75 9752
481 157 9755
369 522 9758
274 146 9761
20 210 9763
475 546 9765
437 578 9766
562 589 9767
668 272 9769
77 92 9772
357 291 9775
220 579 9776
111 296 9779
14 232 9781
481 218 9784
308 59 9785
224 58 9786
480 627 9789
50 54 9791
570 42 9793
560 467 9795
675 421 9796
479 66 9799
256 102 9801
311 125 9802
513 614 9805
330 639 9808
462 236 9809
40 447 9811
407 206 9812
43 422 9813
644 311 9815
75 596 9817
269 289 9818
573 143 9820
226 400 9821
561 461 9823
241 48 9824
524 623 9825
455 321 9828
705 553 9830
624 460 9831
478 589 9832
456 576 9833
256 5 9836
98 128 9838
253 675 9841
277 69 9842
622 301 9845
225 685 9847
672 727 9848
670 226 9849
633 527 9852
432 707 9854
693 701 9856
100 539 9857
369 151 9860
447 670 9863
322 12 9866
179 39 9867
133 163 9868
14 508 9870
83 656 9871
365 661 9872
579 432 9874
637 613 9877
95 581 9879
15 472 9880
370 449 9882
449 590 9884
497 501 9887
48 136 9890
35 523 9891
263 679 9893
375 167 9894
530 356 9897
57 696 9898
253 299 9900
681 115 9902
320 367 9904
482 328 9905
213 619 9907
243 444 9908
6 414 9910
199 543 9913
479 137 9916
413 726 9918
523 655 9919
366 566 9920
686 190 9922
381 204 9923
458 706 9924
559 514 9925
33 5 9927
350 18 9928
656 474 9929
516 391 9932
274 349 9933
343 216 9936
550 234 9937
418 426 9939
522 249 9942
45 539 9944
670 384 9946
333 297 9947
515 223 9950
578 33 9952
523 117 9953
559 65 9954
337 530 9956
350 545 9958
302 379 9959
97 199 9961
256 387 9963
430 118 9965
458 6 9967
207 1 9970
171 598 9971
518 497 9972
607 663 9973
519 79 9976
672 453 9978
62 722 9980
13 692 9983
190 420 9985
127 81 9988
718 717 9990
603 396 9992
5 545 9993
59 269 9994
652 723 9996
585 411 9999
161 657 10000
457 490 10002
259 480 10005
378 630 10007
179 271 10008
584 297 10011
519 683 10013
142 11 10014
330 656 10015
231 28 10017
215 44 10018
304 576 10019
384 174 10022
126 613 10023
173 380 10026
583 62 10029
438 436 10030
141 506 10032
146 713 10034
103 238 10036
272 100 10038
379 261 10041
84 122 10044
568 597 10046
566 410 10049
627 110 10052
137 619 10054
552 577 10057
701 469 10058
226 443 10060
595 603 10061
560 254 10063
298 370 10065
575 624 10067
367 502 10068
547 330 10071
116 173 10073
563 227 10074
713 610 10076
610 19 10079
466 627 10082
510 107 10085
231 108 10086
658 378 10088
619 416 10090
237 4 10091
527 388 10093
131 330 10096
585 685 10097
559 604 10098
418 462 10099
502 591 10101
500 75 10103
83 555 10104
315 12 10107
45 412 10109
436 369 10110
223 26 10113
223 21 10115
96 215 10117
154 293 10119
97 294 10121
43 327 10124
24 556 10126
359 57 10129
49 258 10132
271 364 10133
683 210 10136
492 217 10137
405 183 10139
245 98 10141
117 94 10144
321 374 10146
179 40 10149
529 204 10150
541 12 10152
414 505 10153
325 662 10156
182 443 10158
708 114 10161
573 74 10162
82 42 10164
67 594 10167
428 562 10170
40 588 10173
690 268 10176
711 209 10178
169 473 10180
588 243 10181
253 583 10183
188 32 10184
403 175 10186
489 533 10188
539 446 10190
613 78 10192
555 313 10193
191 185 10194
80 172 10196
502 423 10198
168 412 10201
209 35 10203
487 681 10205
67 466 10207
557 6 10209
562 477 10210
320 590 10213
186 435 10215
411 355 10216
680 336 10219
481 55 10221
227 240 10224
558 454 10225
107 319 10226
344 232 10229
329 409 10230
728 12 10231
557 142 10233
299 568 10235
507 519 10236
413 192 10239
397 531 10240
642 201 10243
490 534 10245
12 287 10248
679 350 10249
433 604 10252
365 161 10253
514 222 10255
72 688 10256
253 470 10257
226 563 10259
299 197 10261
85 456 10263
106 9 10264
66 254 10265
270 313 10266
175 21 10267
165 285 10270
503 344 10271
467 3 10273
680 237 10275
598 204 10278
135 141 10279
25 144 10281
91 7 10283
634 323 10285
64 271 10287
455 314 10290
264 470 10291
233 231 10294
173 529 10297
671 248 10300
10 401 10301
293 60 10302
235 687 10303
274 530 10304
313 651 10306
353 316 10309
116 468 10311
254 332 10312
707 411 10314
330 88 10317
205 82 10320
406 571 10323
184 408 10324
407 82 10326
309 32 10328
480 682 10331
538 677 10332
591 151 10334
726 559 10335
16 629 10338
676 509 10339
467 232 10342
263 256 10344
71 637 10345
178 22 10348
499 656 10350
138 600 10351
512 334 10352
157 563 10353
204 214 10356
53 206 10357
69 705 10360
538 411 10362
716 708 10365
641 625 10367
587 492 10369
282 142 10372
502 721 10374
210 623 10375
188 311 10376
30 563 10378
540 408 10380
568 305 10381
669 540 10384
275 153 10387
298 34 10390
94 523 10392
179 246 10395
488 306 10396
372 292 10399
721 256 10400
141 413 10402
83 431 10405
602 20 10407
310 523 10409
234 517 10411
602 170 10412
57 645 10415
75 111 10417
337 62 10418
435 169 10421
552 382 10422
388 93 10424
155 493 10425
99 529 10427
666 368 10429
577 444 10432
584 391 10433
429 63 10434
615 433 10436
67 417 10439
193 342 10440
509 395 10441
56 309 10444
639 5 10446
625 346 10447
304 689 10450
178 624 10451
526 490 10453
500 68 10456
467 347 10458
356 516 10459
453 520 10461
500 250 10464
633 559 10465
2 152 10468
11 352 10469
298 197 10472
288 587 10475
249 16 10478
431 341 10479
513 564 10480
388 251 10483
73 66 10485
21 467 10487
600 325 10489
487 267 10490
662 216 10493
291 598 10494
415 664 10497
361 118 10499
453 239 10500
600 3 10503
113 682 10505
238 33 10506
627 331 10509
117 608 10512
234 362 10515
226 69 10518
52 129 10519
488 156 10520
503 222 10521
51 242 10524
176 2 10526
480 153 10528
84 621 10529
254 109 10530
381 706 10533
325 216 10536
551 344 10537
649 268 10539
120 643 10540
603 487 10542
301 152 10545
164 675 10548
147 212 10550
257 624 10552
702 51 10553
545 58 10556
509 452 10557
285 180 10558
57 685 10560
83 222 10563
98 587 10564
261 199 10565
196 307 10567
372 345 10568
676 109 10571
497 329 10574
648 544 10577
324 89 10578
727 411 10580
568 343 10581
198 375 10582
16 344 10584
40 366 10585
597 665 10586
226 437 10587
689 516 10588
696 258 10591
102 237 10593
725 366 10594
491 129 10597
651 159 10598
450 628 10601
5 653 10603
52 292 10605
138 7 10608
650 537 10609
54 659 10610
247 222 10613
520 663 10615
174 375 10616
656 618 10619
454 390 10621
722 460 10622
375 395 10623
707 355 10625
541 679 10628
604 280 10630
571 134 10633
527 686 10636
38 327 10637
44 278 10640
365 266 10642
77 4 10645
246 256 10647
156 164 10648
163 501 10651
235 261 10653
627 30 10654
446 723 10657
470 578 10660
446 698 10661
413 610 10664
105 83 10665
665 15 10668
574 681 10669
425 171 10672
376 457 10675
74 25 10678
728 604 10679
108 265 10680
89 552 10683
370 241 10684
642 396 10687
335 246 10688
250 75 10689
205 203 10692
62 86 10695
359 360 10696
314 678 10699
563 412 10701
208 187 10702
494 86 10704
592 395 10706
520 149 10709
514 190 10712
688 373 10715
699 209 10718
356 347 10720
296 199 10723
683 486 10724
155 181 10726
64 71 10728
101 191 10731
208 570 10732
536 451 10735
304 227 10738
442 714 10740
644 105 10742
129 145 10745
499 105 10747
85 5 10748
479 341 10751
644 203 10754
552 590 10757
352 16 10760
647 7 10763
369 349 10765
125 198 10767
561 90 10770
581 601 10772
707 309 10774
309 572 10777
139 710 10779
654 295 10781
649 496 10782
159 584 10785
94 639 10786
104 566 10789
50 354 10790
241 63 10791
144 346 10792
92 667 10795
130 682 10797
529 232 10799
321 434 10801
34 670 10803
502 686 10806
41 32 10809
589 186 10811
172 307 10814
417 66 10815
378 619 10817
49 638 10820
236 568 10822
125 41 10825
663 435 10827
440 196 10829
488 34 10832
677 617 10835
558 202 10838
647 473 10840
444 7 10843
484 213 10844
61 399 10847
608 552 10849
670 543 10852
554 546 10855
603 246 10856
488 703 10857
50 435 10860
393 27 10863
689 563 10864
170 572 10867
96 156 10869
564 479 10872
221 355 10874
710 523 10876
192 599 10877
89 639 10879
450 323 10882
360 341 10885
654 222 10886
78 394 10889
100 421 10890
234 526 10892
640 83 10894
55 453 10897
410 713 10900
188 464 10903
69 91 10905
415 54 10907
645 132 10908
644 7 10911
73 194 10913
490 402 10914
1 582 10917
307 217 10920
624 589 10921
690 381 10922
681 200 10924
392 581 10927
136 301 10929
727 719 10931
16 176 10932
588 625 10935
179 653 10938
679 673 10941
79 721 10943
19 442 10944
493 352 10947
380 677 10950
675 647 10952
326 490 10955
589 241 10957
671 414 10958
318 434 10961
417 88 10962
369 72 10965
389 166 10967
300 339 10970
210 29 10973
447 65 10976
465 700 10979
505 492 10981
299 702 10984
601 299 10986
197 157 10987
137 350 10989
380 519 10991
302 688 10994
630 557 10995
382 277 10996
583 41 10999
261 282 11001
232 629 11004
239 273 11005
457 338 11007
666 435 11009
23 493 11012
410 662 11013
611 331 11014
382 15 11017
556 210 11020
556 506 11021
337 65 11023
316 478 11026
8 54 11028
673 217 11031
124 49 11032
32 643 11033
312 702 11034
146 64 11035
206 42 11036
55 333 11038
447 407 11041
208 207 11043
365 165 11045
689 33 11047
665 451 11049
604 398 11050
658 412 11053
547 640 11054
10 535 11055
29 385 11056
353 459 11057
232 386 11059
370 697 11060
635 419 11061
405 158 11064
140 207 11065
311 112 11066
288 689 11067
605 12 11070
139 650 11071
729 630 11072
76 159 11073
30 462 11076
283 50 11079
605 696 11082
122 568 11085
274 696 11088
561 674 11090
493 690 11093
464 716 11096
53 57 11098
278 478 11099
429 722 11101
716 644 11103
14 633 11105
318 229 11107
564 140 11110
541 179 11113
656 525 11116
25 178 11119
305 64 11121
583 288 11123
517 549 11126
372 621 11129
466 30 11130
671 359 11131
522 62 11134
72 537 11135
628 546 11136
250 198 11139
17 331 11140
507 160 11141
442 639 11142
451 449 11143
325 473 11144
388 206 11147
252 397 11148
709 339 11150
276 442 11152
710 365 11155
191 727 11157
491 286 11158
574 679 11159
688 290 11160
110 318 11161
110 77 11162
720 565 11164
298 152 11165
317 624 11168
86 290 11171
54 178 11172
607 339 11174
288 464 11175
52 120 11178
8 361 11179
466 410 11180
116 529 11182
352 207 11183
625 29 11184
303 91 11186
392 322 11188
74 77 11190
274 523 11193
474 23 11194
256 685 11195
160 97 11196
432 314 11197
640 403 11198
481 257 11200
7 473 11203
646 634 11204
83 644 11207
525 112 11208
163 593 11210
316 508 11212
636 401 11213
90 301 11215
152 363 11216
418 290 11217
119 471 11220
517 657 11223
307 387 11224
454 325 11227
92 274 11230
305 309 11232
613 312 11234
668 457 11237
215 48 11240
596 303 11242
394 158 11244
397 557 11245
71 533 11246
420 724 11249
106 722 11251
221 70 11253
251 519 11256
414 428 11258
252 580 11260
212 420 11261
167 125 11264
267 104 11266
268 562 11267
659 387 11268
482 322 11269
547 356 11272
186 45 11273
390 255 11274
293 453 11276
542 59 11279
490 310 11282
346 382 11283
343 262 11285
318 563 11287
249 1 11289
367 339 11292
206 523 11293
47 698 11295
345 716 11296
23 660 11297
39 487 11298
612 19 11299
255 19 11301
507 439 11304
501 689 11306
98 721 11307
632 99 11310
312 157 11313
266 438 11316
606 432 11318
532 38 11321
678 521 11322
524 138 11323
516 30 11324
605 676 11325
525 710 11326
208 615 11327
450 725 11329
353 146 11330
18 388 11333
436 591 11334
87 476 11335
92 437 11338
139 161 11339
413 725 11342
486 166 11345
360 411 11348
46 192 11351
336 313 11354
701 444 11356
475 392 11359
549 168 11360
114 323 11362
666 645 11364
696 373 11365
278 591 11366
718 7 11368
495 683 11371
30 430 11372
476 197 11373
496 641 11374
422 433 11375
625 33 11377
575 213 11378
319 235 11380
669 265 11382
696 158 11384
491 423 11386
50 172 11387
589 118 11390
241 531 11393
406 729 11394
7 424 11397
400 485 11399
211 146 11400
596 493 11403
78 727 11405
394 542 11406
391 234 11409
294 387 11412
305 704 11413
44 712 11414
38 407 11417
488 456 11418
308 506 11420
495 41 11422
59 607 11423
482 230 11426
264 198 11427
655 238 11428
638 53 11430
688 205 11431
694 371 11434
351 77 11435
458 317 11437
272 13 11438
115 657 11441
208 312 11443
719 692 11444
41 687 11445
51 575 11446
493 151 11447
438 1 11450
90 62 11452
101 187 11453
1 549 11456
533 168 11459
177 390 11460
612 330 11461
35 181 11462
16 607 11465
670 145 11467
213 458 11470
372 266 11473
614 632 11475
127 582 11477
290 608 11478
367 38 11479
155 268 11480
549 217 11483
535 280 11484
50 223 11487
363 471 11488
204 624 11491
698 581 11494
528 150 11496
561 209 11498
265 389 11501
696 337 11503
655 188 11506
20 115 11509
480 657 11510
648 276 11512
652 199 11514
565 402 11517
491 50 11518
391 122 11520
459 42 11521
383 72 11522
362 209 11525
206 121 11528
81 516 11529
724 355 11531
160 688 11534
32 572 11535
162 689 11537
489 392 11538
326 35 11539
235 468 11542
514 545 11545
83 525 11546
343 562 11549
199 561 11551
423 582 11554
620 356 11555
496 230 11557
574 238 11558
510 49 11559
633 95 11562
397 635 11564
184 613 11566
364 603 11567
17 7 11570
722 543 11571
82 49 11573
64 110 11574
636 218 11575
363 521 11578
91 700 11580
18 466 11582
683 172 11583
371 349 11584
126 355 11587
594 73 11588
450 400 11590
718 11 11592
245 206 11595
684 379 11598
462 563 11601
666 223 11602
540 337 11603
706 529 11606
81 369 11608
704 88 11609
178 317 11610
215 227 11612
117 605 11614
204 511 11615
316 530 11616
233 103 11619
371 498 11620
233 56 11622
136 345 11624
398 319 11627
144 47 11630
227 435 11633
605 555 11636
401 380 11638
607 289 11641
259 239 11643
174 305 11646
172 532 11647
484 539 11648
701 91 11649
364 110 11651
721 131 11653
83 534 11655
317 391 11656
314 396 11657
95 551 11660
710 615 11662
509 651 11664
632 406 11666
58 473 11669
348 313 11672
77 432 11674
347 690 11677
281 215 11679
16 1 11680
386 614 11681
325 610 11683
503 702 11686
531 505 11687
351 588 11688
284 65 11691
14 367 11692
613 531 11693
628 129 11696
708 531 11698
554 41 11700
408 375 11702
141 606 11703
544 109 11705
185 344 11707
347 240 11709
673 320 11710
439 108 11711
27 454 11712
518 627 11715
234 236 11717
412 234 11720
77 68 11723
488 299 11724
706 192 11725
707 618 11728
417 433 11730
178 339 11731
624 571 11733
717 149 11735
131 277 11738
210 389 11740
290 35 11742
109 489 11745
471 319 11747
604 287 11750
152 656 11751
237 687 11754
53 267 11756
50 22 11758
70 542 11761
655 98 11762
132 666 11763
121 232 11766
160 540 11767
711 517 11770
6 85 11771
513 479 11772
645 614 11774
326 272 11776
674 244 11777
573 569 11779
467 654 11780
133 57 11781
35 273 11783
533 109 11784
124 437 11787
572 643 11790
414 499 11792
440 151 11795
303 449 11797
598 638 11800
665 211 11802
66 247 11803
705 172 11805
284 256 11807
472 597 11810
255 323 11812
389 224 11814
568 356 11817
607 706 11820
186 281 11821
36 253 11822
289 687 11824
42 491 11825
273 684 11827
514 242 11828
78 542 11829
602 536 11830
582 658 11831
653 571 11834
371 549 11835
162 535 11836
631 467 11837
165 682 11839
664 672 11840
194 594 11843
121 400 11846
111 28 11849
360 614 11851
274 408 11853
197 236 11854
154 574 11855
523 38 11858
361 234 11861
156 528 11863
687 709 11865
244 706 11868
534 63 11871
724 386 11874
402 273 11875
647 138 11876
214 400 11879
214 300 11881
84 115 11883
662 454 11886
439 605 11887
116 632 11889
11 419 11892
377 234 11895
585 467 11897
536 302 11900
268 240 11902
480 406 11904
632 473 11905
675 645 11907
204 460 11910
283 243 11912
339 317 11913
564 562 11916
408 41 11919
432 455 11920
330 432 11922
549 598 11924
648 402 11926
653 479 11929
21 214 11931
438 596 11932
66 219 11935
244 626 11936
186 8 11938
429 655 11941
350 358 11943
605 144 11946
404 421 11949
611 485 11951
426 93 11952
696 608 11955
224 548 11956
266 126 11957
637 691 11960
392 254 11961
284 251 11964
450 629 11967
213 157 11968
47 208 11971
152 207 11974
493 39 11975
182 6 11976
540 279 11978
145 683 11980
464 557 11983
424 354 11984
710 94 11985
503 416 11987
145 27 11989
541 447 11990
104 284 11991
545 417 11992
378 43 11995
663 138 11996
405 233 11998
723 96 11999
291 628 12002
191 181 12003
709 204 12005
592 379 12006
306 363 12007
83 236 12010
294 219 12011
729 437 12012
646 114 12015
421 497 12017
285 550 12019
239 36 12021
584 425 12024
706 599 12025
388 77 12027
56 188 12029
652 242 12032
241 265 12034
511 362 12036
662 226 12037
140 450 12039
608 54 12042
153 154 12045
514 100 12046
711 675 12049
270 438 12052
18 136 12055
352 584 12057
529 255 12060
573 471 12062
327 455 12065
728 633 12067
242 431 12068
314 563 12070
593 557 12072
605 628 12075
411 724 12076
523 658 12079
379 30 12081
207 249 12084
354 47 12085
275 605 12088
335 408 12090
609 387 12092
439 274 12094
254 718 12096
107 314 12097
525 139 12099
449 46 12100
323 619 12102
127 42 12104
236 110 12107
107 504 12109
74 3 12112
662 670 12113
728 663 12114
697 276 12116
551 319 12119
131 31 12120
34 226 12123
588 496 12124
627 728 12127
373 274 12128
720 159 12129
518 630 12130
418 238 12131
571 9 12133
653 559 12136
391 592 12137
715 535 12138
296 170 12140
414 16 12141
475 13 12144
120 543 12145
424 380 12146
472 196 12148
93 26 12150
18 662 12152
617 244 12153
629 5 12156
632 244 12157
294 618 12159
634 361 12161
333 142 12163
380 617 12166
329 254 12169
21 114 12171
399 95 12174
523 696 12176
271 487 12179
381 132 12181
270 46 12182
509 539 12185
633 602 12187
381 186 12188
580 428 12189
386 237 12191
466 565 12193
27 532 12196
220 125 12199
307 472 12202
692 143 12205
119 415 12207
488 164 12210
477 678 12212
119 617 12215
707 211 12216
627 697 12217
135 201 12220
443 584 12222
521 293 12223
142 690 12226
44 679 12228
727 171 12231
665 80 12234
73 604 12236
572 173 12239
73 538 12240
531 288 12242
130 296 12243
259 681 12245
302 439 12247
22 300 12249
88 541 12251
539 414 12253
49 355 12255
508 38 12256
327 35 12257
79 50 12260
21 261 12261
482 299 12262
641 441 12263
680 647 12265
236 118 12266
601 522 12267
593 658 12270
603 330 12271
297 391 12274
605 457 12275
442 667 12276
720 264 12279
446 45 12282
7 428 12283
703 444 12285
693 450 12288
351 594 12289
123 470 12292
533 270 12293
38 14 12294
175 158 12297
229 331 12298
412 342 12301
420 490 12302
615 333 12304
284 44 12305
596 436 12308
413 263 12311
559 527 12312
416 558 12314
426 151 12316
53 180 12318
204 664 12320
332 313 12322
529 50 12324
213 240 12327
188 112 12329
550 257 12331
359 152 12333
302 325 12335
701 252 12336
433 66 12339
65 603 12341
295 502 12343
218 107 12344
4 610 12346
543 311 12347
370 91 12350
418 210 12353
179 487 12355
2 663 12357
601 122 12360
280 514 12363
639 320 12365
240 302 12368
29 494 12369
703 62 12371
504 535 12372
62 76 12375
233 87 12376
664 308 12378
406 202 12379
706 481 12380
702 212 12381
349 694 12382
453 701 12384
110 246 12385
363 445 12388
337 564 12389
507 308 12390
186 602 12393
224 633 12395
250 172 12398
396 455 12401
616 712 12402
651 164 12403
711 113 12405
363 621 12406
148 681 12407
194 527 12409
529 689 12412
627 65 12413
306 176 12415
696 443 12418
86 527 12421
495 68 12424
202 317 12426
469 629 12427
349 382 12430
488 416 12433
612 179 12435
631 136 12436
264 572 12437
8 718 12439
258 152 12442
424 17 12445
393 265 12447
80 15 12448
285 514 12451
124 449 12454
306 60 12455
190 219 12456
597 75 12457
210 494 12458
170 148 12460
503 619 12462
567 374 12464
675 516 12466
223 121 12467
16 99 12468
295 381 12469
601 356 12470
664 580 12473
157 34 12476
365 347 12477
527 43 12479
674 377 12482
156 680 12484
382 587 12485
169 647 12487
167 199 12489
593 378 12490
518 66 12492
675 254 12493
175 678 12496
621 401 12498
503 497 12500
704 39 12502
105 302 12503
170 597 12506
274 135 12507
390 485 12509
706 294 12511
637 415 12513
584 193 12516
147 475 12518
525 170 12521
78 609 12523
717 446 12526
335 311 12527
12 491 12529
655 198 12531
281 8 12532
166 714 12535
187 499 12538
148 36 12539
94 41 12542
48 596 12544
362 255 12545
442 358 12548
22 214 12551
580 346 12553
61 672 12555
276 705 12558
473 281 12559
694 444 12562
47 605 12563
324 301 12564
385 527 12566
619 329 12568
604 26 12570
94 723 12571
190 467 12572
297 198 12574
617 26 12577
249 672 12578
510 34 12581
181 344 12582
434 201 12585
406 421 12587
462 460 12589
65 331 12591
345 596 12593
437 302 12594
47 302 12597
282 375 12598
30 268 12599
699 420 12601
728 287 12603
309 643 12605
561 262 12608
165 696 12610
479 132 12613
249 513 12615
366 19 12616
77 162 12618
94 489 12621
465 410 12623
558 30 12624
461 147 12626
201 396 12627
712 546 12629
60 566 12632
420 175 12633
247 491 12636
395 85 12637
44 519 12639
90 482 12641
549 609 12642
44 256 12644
716 142 12645
108 3 12647
402 465 12650
312 551 12651
303 270 12654
413 561 12655
595 60 12658
37 460 12661
667 379 12662
104 180 12665
217 638 12667
596 642 12668
547 398 12670
632 529 12671
34 344 12674
66 594 12676
475 388 12679
256 358 12680
94 264 12681
163 456 12683
165 47 12685
630 256 12687
317 169 12689
574 246 12690
506 478 12693
144 83 12694
667 46 12697
635 170 12699
232 710 12700
605 644 12703
659 540 12706
85 483 12708
103 597 12710
726 239 12713
94 500 12715
5 331 12717
249 540 12718
37 35 12721
228 247 12722
592 618 12723
446 128 12726
593 337 12727
595 5 12730
447 437 12731
141 412 12732
489 496 12735
410 454 12738
597 266 12740
209 165 12743
336 326 12744
493 360 12745
715 134 12746
538 413 12747
223 633 12750
500 375 12753
307 178 12756
630 144 12759
552 221 12762
717 300 12764
337 255 12766
157 689 12767
253 250 12769
194 399 12770
89 586 12772
584 66 12775
313 517 12777
364 318 12779
660 403 12781
677 592 12783
162 262 12784
6 266 12785
668 525 12787
654 270 12789
449 65 12791
477 485 12793
365 101 12795
395 344 12796
56 143 12797
652 665 12800
466 588 12802
20 144 12805
135 110 12808
489 317 12809
271 243 12810
372 612 12812
121 668 12814
369 677 12817
86 67 12819
195 250 12822
202 723 12825
399 332 12826
425 680 12829
214 511 12831
454 192 12832
21 141 12834
298 582 12835
406 343 12836
662 99 12839
715 571 12840
452 341 12843
243 526 12844
136 575 12845
318 700 12846
516 674 12847
381 105 12848
691 709 12851
691 446 12854
360 685 12856
19 635 12859
80 645 12861
584 307 12863
362 204 12866
671 376 12867
533 5 12869
679 226 12870
377 489 12872
199 356 12873
667 299 12876
494 478 12878
8 25 12881
217 44 12884
311 141 12886
185 303 12889
600 31 12890
398 312 12891
274 51 12892
360 494 12895
271 529 12897
317 676 12899
419 477 12900
712 217 12902
250 363 12904
109 112 12905
359 324 12906
344 304 12908
180 133 12909
422 258 12911
256 83 12912
490 313 12915
242 344 12916
78 374 12917
218 484 12918
634 173 12919
455 110 12922
377 169 12924
573 275 12926
568 462 12929
474 483 12930
607 176 12933
712 145 12935
260 200 12938
383 636 12941
483 93 12942
556 353 12944
242 304 12945
182 24 12947
673 253 12949
347 164 12952
634 611 12954
714 721 12957
727 99 12959
486 714 12960
414 84 12963
395 51 12966
703 378 12969
685 289 12970
449 18 12972
360 149 12973
256 144 12976
150 293 12977
618 292 12978
510 73 12979
690 356 12980
165 687 12981
307 66 12983
44 38 12985
436 88 12986
148 216 12987
213 159 12989
370 306 12991
348 233 12993
667 388 12996
484 491 12998
689 455 13001
130 712 13003
383 622 13004
364 225 13006
715 329 13007
82 144 13009
331 691 13010
494 569 13011
419 492 13014
4 412 13015
672 548 13016
542 669 13017
455 162 13019
26 393 13022
374 624 13023
118 375 13026
271 674 13028
679 246 13031
53 71 13033
603 691 13035
508 696 13038
426 437 13040
179 699 13042
170 15 13044
91 318 13046
204 374 13047
626 27 13049
654 121 13050
524 678 13052
672 654 13054
462 533 13057
377 676 13059
155 620 13060
588 318 13061
100 184 13063
520 424 13065
295 10 13067
577 340 13069
607 345 13071
707 369 13073
212 104 13076
608 439 13078
458 707 13080
199 690 13082
92 522 13085
581 711 13086
555 35 13089
317 54 13091
529 25 13093
392 147 13096
496 317 13097
348 497 13100
350 225 13103
299 388 13104
611 114 13107
240 9 13108
498 429 13110
617 607 13112
92 93 13115
639 170 13118
19 113 13119
408 522 13120
344 51 13122
526 487 13125
321 299 13128
271 263 13129
24 401 13131
6 509 13133
291 407 13134
390 338 13136
454 338 13138
529 8 13141
327 110 13142
319 199 13145
152 39 13146
559 225 13147
397 537 13148
95 510 13151
29 646 13152
620 581 13154
100 422 13155
116 611 13157
268 136 13159
20 630 13161
114 634 13164
279 671 13165
282 31 13166
565 156 13169
6 103 13171
416 667 13173
478 400 13176
67 352 13177
25 701 13180
52 41 13182
302 115 13185
471 152 13186
679 172 13188
1 265 13190
299 163 13191
611 302 13193
133 281 13195
361 437 13198
49 384 13200
611 162 13203
550 159 13204
166 589 13207
148 596 13209
606 412 13211
89 351 13213
350 104 13214
146 457 13216
403 600 13217
165 123 13220
380 460 13222
57 567 13224
587 666 13225
493 383 13226
247 234 13228
604 385 13231
477 492 13233
83 630 13236
40 124 13239
498 643 13241
627 407 13242
162 110 13243
133 186 13246
146 561 13247
293 130 13249
653 694 13250
197 727 13253
93 85 13256
132 706 13259
342 100 13261
700 610 13264
418 616 13265
363 647 13267
504 22 13268
97 729 13270
533 558 13272
517 348 13273
314 669 13276
507 389 13279
360 383 13280
58 90 13281
310 344 13282
359 176 13284
449 627 13286
124 249 13288
297 361 13291
76 18 13292
468 705 13294
312 131 13296
432 120 13297
398 131 13300
545 541 13303
422 523 13306
519 210 13308
98 475 13310
17 260 13313
633 548 13316
713 89 13318
129 507 13319
21 578 13320
206 309 13323
626 460 13326
668 654 13328
212 190 13329
617 176 13330
136 554 13333
413 216 13335
398 261 13337
187 468 13339
401 177 13341
675 571 13343
691 5 13344
456 299 13346
485 152 13348
658 703 13350
160 689 13352
670 97 13354
26 437 13355
99 34 13357
648 373 13360
494 372 13362
672 121 13363
298 491 13364
332 194 13365
73 357 13368
111 239 13371
158 126 13374
438 704 13376
33 538 13379
328 284 13380
688 464 13381
465 312 13383
453 640 13386
140 479 13389
99 115 13391
7 213 13394
143 412 13396
164 601 13399
607 269 13400
651 348 13403
48 95 13405
94 2 13406
693 629 13409
333 41 13411
117 644 13413
165 200 13416
236 177 13417
277 610 13419
274 605 13421
714 340 13424
646 92 13427
619 691 13428
302 260 13430
618 677 13431
323 173 13434
171 146 13436
51 181 13439
716 640 13441
360 376 13444
413 410 13446
220 636 13449
496 373 13452
714 638 13454
73 249 13457
612 494 13458
264 573 13461
171 561 13462
491 218 13465
529 717 13467
68 251 13468
489 169 13469
661 386 13470
226 241 13471
567 191 13473
263 526 13476
498 547 13479
4 428 13482
610 318 13484
687 200 13487
6 213 13488
90 678 13491
491 345 13494
269 307 13496
396 320 13497
172 226 13499
18 485 13501
377 496 13503
193 297 13506
208 233 13509
642 117 13511
587 486 13512
101 100 13514
719 573 13515
562 636 13516
335 341 13517
272 402 13520
381 35 13521
2 375 13523
364 700 13526
48 653 13528
656 302 13531
236 136 13534
347 142 13536
504 280 13538
345 617 13541
623 446 13542
198 729 13544
578 119 13546
73 669 13547
555 381 13550
28 404 13552
302 687 13555
438 620 13557
657 330 13559
621 573 13560
139 189 13562
280 22 13565
250 647 13568
30 551 13571
176 345 13572
369 458 13573
659 73 13575
318 466 13578
710 431 13579
636 273 13582
110 229 13585
402 168 13586
259 420 13587
262 406 13590
126 660 13593
556 527 13594
472 712 13597
338 192 13599
416 388 13600
248 500 13601
324 176 13602
589 415 13604
275 621 13605
715 233 13607
433 607 13610
100 523 13611
73 124 13613
470 41 13615
516 503 13616
452 472 13617
33 595 13619
63 614 13620
181 705 13621
308 312 13622
46 442 13623
507 217 13624
482 514 13625
374 362 13628
386 345 13630
478 618 13632
463 396 13633
659 40 13635
165 17 13636
360 478 13639
157 467 13641
626 590 13644
681 154 13647
284 312 13649
153 612 13651
370 607 13652
356 319 13653
271 717 13654
537 90 13655
196 409 13658
402 540 13661
635 639 13663
152 76 13666
575 509 13669
436 457 13670
627 291 13672
193 352 13673
31 122 13675
668 672 13677
256 20 13678
621 101 13679
625 434 13681
277 371 13682
468 181 13685
369 592 13687
576 213 13688
354 334 13690
78 56 13692
45 141 13694
671 360 13696
104 190 13697
690 319 13699
290 686 13701
465 308 13704
602 455 13707
309 226 13708
126 676 13711
627 437 13714
540 272 13717
233 337 13718
676 169 13719
666 718 13721
660 31 13723
237 304 13725
621 55 13727
595 277 13728
655 141 13730
689 467 13733
508 37 13735
309 241 13738
262 243 13741
55 97 13744
533 691 13746
14 686 13747
580 164 13748
575 405 13750
320 43 13752
673 205 13755
299 320 13757
591 522 13758
35 115 13759
219 614 13761
675 681 13764
20 83 13766
295 339 13768
457 88 13771
560 72 13773
237 585 13774
251 609 13776
620 711 13779
64 396 13782
19 682 13783
697 471 13786
569 618 13787
510 48 13788
317 710 13791
461 582 13793
286 661 13795
638 27 13798
430 674 13801
245 446 13804
445 299 13805
610 254 13806
425 298 13808
115 381 13809
50 452 13810
491 425 13813
81 399 13814
70 693 13816
702 619 13819
685 546 13820
386 613 13822
439 346 13824
125 391 13827
47 639 13830
200 302 13833
410 434 13836
399 345 13838
22 579 13839
433 370 13840
383 562 13843
182 401 13846
291 437 13849
485 76 13851
727 695 13853
718 587 13854
463 64 13856
111 404 13859
275 101 13861
609 68 13864
521 302 13865
25 652 13868
237 699 13871
15 639 13874
609 541 13877
421 210 13880
675 444 13881
197 695 13883
109 583 13885
394 364 13887
570 376 13889
245 289 13891
607 479 13893
192 410 13896
162 325 13898
434 439 13901
616 12 13904
514 315 13905
173 296 13907
23 114 13909
451 678 13911
352 86 13913
115 105 13914
486 340 13916
544 139 13918
685 149 13919
96 349 13922
600 282 13925
314 249 13928
580 257 13931
512 386 13933
610 364 13934
412 428 13936
392 640 13939
412 215 13942
17 687 13943
715 348 13946
9 553 13948
87 710 13951
236 575 13953
282 660 13954
244 92 13957
249 448 13960
628 589 13962
579 280 13965
284 501 13968
165 260 13970
110 688 13973
125 305 13976
680 298 13977
424 15 13980
414 601 13981
117 274 13983
489 637 13985
631 622 13986
276 466 13988
345 522 13991
627 32 13994
266 37 13996
144 352 13999
198 97 14000
249 40 14001
503 534 14004
670 198 14005
403 31 14007
386 151 14010
437 393 14011
427 101 14012
311 305 14014
595 700 14015
42 629 14018
711 92 14020
8 366 14022
390 410 14024
422 101 14025
595 610 14027
245 546 14030
130 150 14033
267 640 14035
25 271 14037
271 8 14040
188 470 14041
177 24 14043
499 392 14045
351 713 14048
694 48 14051
417 5 14052
498 543 14053
500 2 14056
62 25 14057
595 91 14058
627 71 14060
426 393 14062
517 651 14063
360 618 14064
6 597 14066
228 234 14067
74 101 14070
177 182 14071
40 73 14074
124 191 14077
526 271 14079
445 456 14080
322 402 14082
625 439 14083
101 338 14085
536 219 14088
173 114 14089
44 518 14091
606 336 14094
318 480 14095
184 422 14097
338 573 14100
90 654 14101
316 611 14104
15 635 14106
152 18 14108
375 94 14110
32 329 14111
694 552 14113
309 288 14116
494 618 14117
340 587 14120
251 389 14121
222 672 14122
591 386 14123
328 301 14126
52 531 14129
476 531 14132
532 7 14135
364 91 14137
302 165 14139
607 491 14141
33 413 14144
557 347 14146
493 645 14147
724 313 14148
317 94 14150
162 327 14152
618 369 14154
343 246 14156
629 55 14159
226 288 14160
396 146 14161
318 277 14164
173 611 14167
389 129 14168
481 361 14169
110 201 14170
283 607 14171
146 436 14174
211 506 14175
640 499 14177
140 607 14180
40 314 14183
266 696 14184
312 261 14185
23 3 14186
430 503 14187
29 224 14189
77 396 14191
257 193 14193
92 85 14196
684 35 14197
434 413 14200
519 180 14202
192 390 14205
571 329 14208
659 669 14211
73 556 14212
59 678 14215
594 672 14216
652 617 14217
474 698 14220
201 688 14222
297 437 14224
137 627 14225
18 477 14226
437 481 14229
356 505 14230
697 118 14233
357 556 14236
518 38 14237
617 491 14238
387 577 14241
678 125 14244
277 700 14246
705 79 14247
688 135 14248
93 228 14251
341 50 14253
483 92 14254
375 697 14255
253 120 14257
550 563 14259
231 404 14260
638 495 14261
729 551 14264
266 508 14265
725 116 14267
228 238 14268
650 111 14271
108 649 14272
261 131 14273
697 39 14276
372 599 14277
221 694 14278
569 360 14281
232 431 14282
462 558 14285
10 339 14286
509 213 14289
706 541 14291
550 548 14292
469 390 14294
540 73 14295
632 380 14296
507 712 14297
599 612 14298
513 411 14300
535 161 14302
646 711 14304
146 133 14307
559 315 14308
11 294 14310
269 473 14312
148 413 14315
283 473 14318
712 657 14320
146 463 14322
75 444 14324
69 438 14327
91 610 14329
602 689 14330
466 515 14331
281 287 14334
96 500 14335
418 12 14338
338 621 14341
687 231 14344
490 724 14347
650 253 14348
302 230 14350
332 345 14353
676 496 14355
311 409 14358
624 362 14361
37 696 14364
659 249 14365
49 235 14366
515 318 14367
33 666 14370
478 569 14372
302 316 14374
420 92 14377
491 680 14380
471 39 14381
616 47 14382
454 641 14383
629 621 14385
101 573 14386
166 11 14389
101 258 14392
40 540 14393
257 164 14396
609 706 14399
519 598 14402
289 546 14405
42 693 14407
180 186 14409
453 716 14410
718 278 14411
302 17 14414
403 282 14416
328 312 14419
392 98 14421
407 437 14423
701 62 14426
691 245 14428
697 152 14431
363 195 14432
166 294 14433
103 266 14435
599 494 14438
200 17 14440
727 662 14442
589 294 14445
685 245 14448
576 265 14451
673 502 14452
536 89 14455
312 501 14457
36 139 14459
66 178 14460
441 161 14461
83 97 14464
184 523 14466
672 550 14469
51 354 14472
318 595 14473
115 656 14474
498 98 14476
345 194 14479
364 595 14480
222 668 14482
180 281 14483
98 147 14486
9 340 14489
583 112 14491
272 322 14494
65 18 14496
33 713 14499
394 225 14501
258 100 14503
22 683 14506
473 252 14508
314 73 14510
487 243 14511
246 60 14513
92 408 14516
7 576 14518
496 169 14519
31 16 14522
60 574 14523
21 119 14525
335 50 14527
314 540 14530
714 127 14533
1 576 14536
611 323 14538
180 598 14539
674 503 14540
156 529 14541
337 208 14544
304 395 14547
207 34 14548
564 607 14549
533 331 14551
713 666 14554
14 290 14557
202 412 14560
21 112 14561
353 527 14562
427 106 14565
174 431 14566
101 184 14568
90 451 14571
76 477 14574
378 193 14577
613 185 14578
459 354 14579
668 181 14582
146 88 14583
175 562 14585
383 669 14588
647 195 14590
723 412 14593
627 329 14596
429 708 14597
687 260 14600
669 249 14601
189 285 14604
540 322 14606
434 319 14607
163 528 14610
343 452 14613
584 178 14616
72 454 14619
679 60 14622
269 283 14623
317 377 14626
661 512 14629
555 115 14632
382 610 14635
443 684 14636
722 313 14637
189 36 14638
13 693 14640
181 354 14641
613 303 14643
253 432 14646
720 497 14647
273 61 14650
627 53 14651
452 335 14652
124 290 14654
478 211 14656
611 725 14659
406 243 14662
243 263 14663
491 176 14666
447 291 14667
22 278 14668
125 524 14671
298 461 14674
531 41 14676
521 230 14679
41 544 14681
105 555 14683
364 277 14686
410 338 14688
565 529 14690
554 268 14691
