100 847 5
15 38 1
47 22 3
94 68 5
92 91 6
92 25 9
79 4 12
57 54 14
30 71 16
11 54 18
70 9 19
14 32 21
39 32 24
61 85 26
44 65 27
92 56 30
70 62 33
87 52 36
91 66 38
71 74 40
43 60 41
42 22 44
29 62 47
69 77 50
41 40 53
73 79 55
39 89 57
86 13 58
24 69 59
17 11 60
74 54 63
16 18 64
71 62 65
17 76 66
100 63 68
58 73 69
72 74 71
5 21 72
93 17 75
48 62 76
39 85 79
26 66 82
76 87 84
23 43 85
47 75 86
85 80 87
33 66 90
89 11 92
63 56 95
44 25 97
80 71 98
92 77 99
39 47 100
62 89 101
59 63 102
10 41 105
56 90 106
67 61 109
37 20 111
74 47 113
53 4 116
57 32 118
94 10 120
35 61 123
22 5 126
37 95 127
11 66 129
14 75 130
12 94 132
61 6 133
90 53 135
1 65 137
59 61 140
45 25 142
70 39 144
47 43 147
35 2 148
28 88 150
57 66 153
23 96 156
89 66 158
2 7 160
97 38 162
60 62 164
83 3 166
12 59 168
27 91 169
85 73 171
88 73 172
1 50 174
18 87 177
28 51 179
41 87 182
60 72 183
43 56 184
85 42 185
60 58 188
1 10 190
72 16 191
76 38 194
65 74 197
16 12 198
35 89 200
100 2 203
26 28 206
88 84 209
97 78 210
48 39 211
79 29 214
15 97 217
15 1 220
37 22 222
19 46 223
17 88 224
69 88 226
61 100 227
16 84 228
83 9 231
52 38 234
85 22 236
94 100 237
99 97 240
67 69 243
72 78 244
70 100 245
94 67 247
51 86 249
42 14 250
3 52 253
19 5 254
93 1 255
53 71 256
18 28 258
28 86 261
13 37 264
59 9 267
23 33 269
47 40 271
10 100 273
44 61 274
15 98 276
91 56 279
72 25 280
46 64 283
82 86 286
86 9 289
12 22 292
53 17 295
72 97 298
69 99 299
5 56 300
16 24 301
97 2 303
42 75 304
51 26 307
16 23 309
99 2 311
25 47 314
55 27 316
75 57 319
6 57 322
48 66 323
97 73 325
40 32 326
63 80 328
76 41 330
31 27 332
26 95 333
90 4 334
48 25 336
52 30 339
81 35 342
91 18 344
54 56 346
46 17 347
99 35 350
55 19 351
93 98 352
24 87 354
22 99 356
74 79 358
100 9 361
13 68 364
69 76 366
42 9 367
4 62 369
61 81 372
60 19 373
95 1 375
76 84 377
41 31 379
85 32 380
25 67 382
35 17 384
35 70 386
81 85 388
42 86 391
56 83 392
95 45 394
1 72 396
53 62 399
34 91 400
3 54 401
2 92 402
91 32 403
69 93 406
63 43 407
35 96 409
5 4 411
25 88 414
43 54 415
13 42 418
63 13 420
39 60 421
10 21 424
44 33 425
82 15 426
54 25 427
21 73 430
4 83 432
49 47 435
78 3 436
28 6 437
78 84 440
67 80 441
34 48 442
45 65 444
81 75 445
94 37 448
4 34 449
83 2 451
21 56 454
96 26 456
9 39 459
4 96 461
4 6 463
83 78 464
71 1 465
19 23 468
84 100 469
53 91 470
14 37 472
28 58 475
90 21 477
16 78 480
10 36 481
75 13 483
72 46 485
38 69 488
14 13 489
79 57 491
10 56 493
59 77 494
49 88 495
18 64 498
77 9 499
25 14 500
86 16 502
99 83 504
15 74 507
94 22 509
89 50 510
45 71 512
49 48 514
31 36 516
19 77 517
85 65 518
95 38 520
87 72 522
16 76 525
7 39 526
88 83 528
17 2 531
54 5 533
35 91 534
47 99 537
61 75 540
91 55 542
39 58 544
70 83 545
45 53 546
26 23 549
48 89 550
48 51 552
65 90 554
29 50 557
26 10 560
88 47 562
45 35 564
85 40 566
92 83 567
38 87 568
33 35 571
65 6 572
10 31 575
44 54 576
69 50 578
59 14 579
74 5 581
76 15 583
55 44 585
27 58 588
35 97 589
39 49 592
66 73 595
79 62 596
65 57 597
91 37 598
87 1 599
49 3 600
57 21 602
26 33 603
57 22 605
65 61 606
16 77 609
44 40 610
18 46 613
92 96 615
19 80 617
56 11 620
35 90 622
59 21 623
45 74 625
1 13 628
20 14 630
56 35 633
10 28 635
29 45 636
73 94 638
26 73 641
70 13 643
99 42 644
41 1 645
32 24 648
91 95 650
94 77 652
84 7 654
20 9 657
38 17 659
80 22 662
88 39 663
71 33 665
63 92 666
72 93 669
38 2 671
18 49 672
45 14 674
42 76 675
42 41 677
34 33 678
86 3 679
48 31 680
15 89 683
56 81 684
49 99 685
5 44 688
40 14 689
74 17 692
5 6 695
10 99 698
39 28 700
68 4 701
57 58 704
90 34 707
13 95 710
53 20 713
32 77 714
59 58 715
79 96 716
1 8 717
95 55 720
100 96 723
19 91 725
9 63 726
57 44 729
56 44 732
95 48 733
46 28 735
49 50 737
10 15 740
93 50 743
20 12 746
26 53 748
86 80 749
64 43 751
14 57 754
29 1 755
43 18 756
34 60 759
21 47 762
65 23 765
95 19 766
58 86 768
92 16 769
81 80 770
93 84 771
19 58 773
73 96 774
11 15 776
63 42 779
63 52 781
13 65 784
17 52 787
30 74 790
77 70 791
88 50 792
47 42 793
100 23 795
76 1 796
48 20 798
8 15 799
39 19 801
53 15 803
45 6 805
70 43 807
54 47 808
5 28 810
2 77 811
11 41 812
30 79 814
29 26 815
86 39 816
27 19 817
59 35 819
45 28 821
5 71 822
26 46 825
17 99 828
53 46 830
19 32 832
94 95 834
11 24 837
27 3 839
68 40 842
34 52 844
44 47 847
87 69 849
12 57 852
65 12 854
48 73 857
60 27 858
63 25 860
60 18 862
23 6 865
1 38 866
42 12 869
57 60 870
22 68 872
81 44 873
8 41 876
32 80 878
54 13 880
28 27 881
14 36 884
62 74 887
86 63 890
53 23 891
67 85 893
15 64 895
92 100 896
34 39 897
75 44 898
38 20 899
85 25 901
7 22 904
37 58 905
81 22 907
28 64 910
75 7 912
92 26 914
70 32 916
18 100 919
51 46 922
83 46 925
33 30 927
97 17 928
76 93 930
70 4 931
70 3 933
50 84 936
90 23 938
62 96 939
3 32 942
25 7 945
32 84 947
63 65 948
83 6 951
89 73 954
27 5 955
32 27 957
60 5 958
35 86 960
17 55 963
46 98 964
83 49 967
8 36 969
32 95 971
68 20 972
56 62 973
52 76 974
78 51 977
13 18 979
3 56 980
51 54 983
47 57 985
86 46 988
99 12 989
55 37 992
10 47 994
38 11 997
40 64 999
88 100 1000
34 54 1003
32 58 1005
58 18 1008
75 85 1010
35 11 1011
23 56 1012
54 76 1015
89 40 1018
69 80 1021
10 14 1022
95 31 1024
23 4 1025
66 90 1026
41 36 1029
60 21 1031
55 47 1032
5 30 1034
84 25 1035
82 48 1037
93 40 1040
62 63 1042
23 49 1044
43 11 1047
56 69 1049
85 68 1051
40 75 1052
20 13 1053
99 52 1056
30 24 1057
64 60 1058
8 10 1059
2 73 1060
53 96 1063
73 76 1065
7 14 1067
69 64 1070
4 71 1072
6 71 1073
63 2 1074
68 12 1077
83 100 1080
49 78 1083
24 36 1086
84 28 1087
1 82 1088
69 98 1089
52 98 1090
7 59 1091
47 56 1094
24 98 1095
98 97 1097
72 84 1100
9 91 1101
33 40 1104
99 43 1107
77 27 1109
31 50 1112
98 92 1115
32 1 1117
73 87 1119
51 4 1121
37 70 1124
56 34 1126
3 14 1127
12 14 1129
28 60 1131
71 21 1134
66 32 1137
98 75 1138
91 7 1141
21 34 1142
43 59 1143
97 25 1145
29 72 1148
25 59 1149
58 46 1151
59 100 1154
17 32 1157
40 42 1159
59 36 1160
65 71 1162
81 99 1165
49 46 1168
7 73 1169
23 82 1170
85 12 1172
70 99 1175
84 26 1178
32 92 1179
84 49 1180
100 99 1183
97 77 1184
27 9 1187
95 20 1188
25 40 1191
40 3 1192
52 50 1195
34 35 1198
96 28 1200
97 33 1203
55 53 1206
98 50 1208
21 54 1210
23 66 1213
83 52 1216
6 44 1218
97 64 1219
24 41 1222
9 7 1225
42 91 1228
14 34 1230
44 83 1233
95 60 1236
19 49 1239
88 99 1241
52 86 1242
80 26 1244
21 4 1246
8 78 1247
15 48 1250
97 11 1253
3 29 1255
92 3 1257
42 25 1258
87 36 1261
37 77 1264
8 82 1265
14 80 1266
25 78 1269
45 5 1270
39 59 1272
23 73 1273
61 94 1276
52 14 1277
20 47 1280
5 57 1283
89 38 1284
3 84 1287
76 27 1290
91 90 1292
82 17 1293
88 11 1296
31 14 1298
27 50 1300
98 87 1303
84 22 1305
9 32 1308
37 44 1310
8 89 1312
54 30 1315
33 90 1318
19 51 1321
36 73 1322
71 72 1323
52 69 1326
7 77 1328
88 80 1329
74 10 1331
7 13 1334
97 92 1335
8 2 1338
84 81 1339
79 90 1340
68 92 1343
34 29 1344
52 59 1346
78 86 1349
59 49 1352
95 5 1354
29 30 1355
62 37 1356
83 64 1359
5 55 1361
33 11 1363
79 100 1364
1 20 1367
43 40 1369
26 19 1372
75 65 1375
91 77 1378
77 79 1381
35 52 1383
98 90 1386
40 29 1388
40 2 1389
2 5 1391
78 39 1394
62 30 1395
82 69 1398
89 33 1399
3 39 1400
70 53 1401
100 41 1403
25 43 1405
92 34 1406
67 22 1408
89 82 1409
57 45 1410
52 88 1411
51 16 1413
13 12 1414
49 70 1416
5 92 1419
100 29 1422
53 79 1425
94 80 1428
9 55 1431
1 89 1434
7 37 1435
39 94 1438
43 92 1441
35 92 1442
90 10 1445
43 97 1448
72 50 1449
81 14 1451
41 16 1453
90 92 1455
22 75 1457
99 38 1458
16 87 1460
11 91 1463
93 11 1464
11 76 1467
34 66 1468
25 91 1469
73 28 1470
80 61 1471
91 26 1474
61 2 1477
58 79 1479
60 47 1481
72 54 1483
11 39 1484
31 55 1486
18 76 1487
65 50 1488
85 6 1489
21 22 1491
91 31 1493
81 2 1494
66 92 1496
21 19 1498
75 43 1499
35 67 1500
51 13 1503
53 56 1505
65 25 1506
43 22 1509
42 5 1510
89 85 1513
89 54 1514
29 48 1516
71 48 1518
98 38 1521
45 44 1524
5 47 1526
92 45 1529
67 6 1532
17 87 1534
35 7 1537
10 12 1538
66 17 1540
32 89 1542
71 54 1545
59 94 1548
63 12 1549
66 54 1552
56 77 1555
22 95 1558
35 6 1559
71 29 1560
14 39 1561
58 88 1564
43 49 1567
50 8 1568
39 75 1571
44 1 1574
36 94 1576
19 64 1577
43 39 1579
35 85 1582
99 78 1585
49 75 1588
47 37 1590
82 51 1593
92 69 1596
43 96 1598
42 37 1599
22 49 1600
68 10 1602
32 47 1603
57 74 1606
51 88 1607
77 25 1610
13 82 1613
56 59 1615
39 22 1616
11 57 1619
22 19 1621
73 4 1624
80 39 1625
79 88 1628
48 70 1629
60 23 1632
11 26 1635
17 89 1636
97 76 1639
29 70 1641
9 62 1642
11 74 1645
10 40 1647
34 27 1649
90 63 1652
37 5 1655
38 78 1657
8 65 1659
41 94 1660
73 84 1663
44 92 1665
66 27 1667
3 9 1669
54 17 1670
33 91 1673
39 61 1676
89 47 1677
52 18 1679
24 77 1681
92 27 1684
56 25 1686
85 47 1687
46 5 1690
70 71 1691
23 47 1694
100 56 1696
22 20 1697
