25 147 4
18 4 1
6 9 3
18 3 5
17 22 7
10 5 10
16 13 11
6 8 13
1 11 14
23 25 15
14 13 17
19 1 18
2 24 21
11 19 22
24 20 24
15 1 26
15 20 28
13 6 29
15 10 32
1 2 35
2 22 36
4 5 38
10 25 39
2 13 41
6 1 43
21 8 44
22 14 47
16 20 50
18 11 51
16 22 53
16 10 55
14 16 57
22 18 60
10 9 61
12 24 64
8 15 66
3 4 69
12 21 70
2 15 71
22 8 72
19 8 73
18 21 75
16 1 76
5 20 79
17 19 81
10 7 84
12 5 87
8 1 89
4 21 92
12 9 95
13 23 96
18 19 99
12 1 100
24 9 102
5 2 104
4 19 105
7 20 107
25 22 108
25 5 110
6 25 112
11 23 113
15 7 114
6 20 117
8 4 119
10 20 121
10 2 123
12 16 126
1 7 128
25 15 130
20 3 131
24 14 132
20 1 133
17 20 134
10 17 136
4 20 139
24 3 142
14 10 143
7 2 144
22 21 145
11 6 146
13 9 147
1 22 150
21 24 152
5 24 155
2 25 156
12 7 157
6 17 158
16 11 160
13 25 162
9 17 165
16 17 166
17 1 169
11 13 171
2 14 174
8 23 176
8 9 178
7 6 180
22 11 181
9 3 183
16 23 185
12 25 187
20 18 188
25 7 191
16 15 193
7 24 194
14 15 195
13 7 197
12 10 199
2 20 202
25 1 203
25 24 204
23 19 205
19 16 206
2 11 207
5 7 210
20 9 213
6 21 214
12 15 217
22 20 219
19 22 222
7 17 223
2 9 225
1 24 228
18 12 231
19 6 233
4 9 235
19 21 236
16 2 239
6 3 241
18 6 242
2 17 245
6 2 247
24 15 250
24 13 252
6 14 253
16 6 254
12 2 257
19 15 258
23 10 259
15 11 262
5 18 265
15 5 266
13 22 269
1 10 272
10 4 275
24 22 277
20 12 280
13 8 281
