41 96 10
11 14
11 32
39 17
35 21
29 37
35 24
29 8
19 7
29 3
36 25
29 24
1 31
2 23
21 37
21 40
13 22
20 9
13 35
26 23
13 17
26 4
34 21
34 24
13 4
38 33
38 23
14 11
13 29
10 39
10 17
13 18
18 36
7 19
7 22
13 12
7 28
31 1
13 9
31 6
0 7
33 2
18 11
18 32
8 21
12 18
12 25
12 20
28 13
28 35
12 32
15 26
5 30
5 18
15 38
5 25
3 34
28 16
28 38
27 10
5 32
16 38
28 30
30 18
32 14
7 6
9 0
17 27
32 11
17 39
37 29
30 11
37 8
25 12
6 31
22 28
6 1
23 2
22 27
25 11
22 10
23 15
40 3
35 28
35 13
9 5
4 2
4 23
24 29
9 11
0 11
35 39
4 26
22 21
4 16
16 0
24 34
