151 736 68
31 149
31 104
19 62
19 73
19 43
19 75
19 148
19 35
19 20
19 1
44 81
44 142
70 83
70 29
44 145
70 6
44 79
70 72
70 37
44 137
70 88
44 47
70 108
44 55
140 14
44 112
140 107
82 76
44 101
140 144
82 98
82 99
140 13
82 22
82 41
0 44
82 141
28 139
28 57
52 133
7 80
52 111
7 93
52 18
7 74
52 5
52 71
52 24
82 3
52 53
52 94
52 147
52 70
64 32
52 29
64 110
52 6
64 119
64 17
64 86
68 12
64 14
68 30
64 107
68 8
64 144
68 102
64 13
68 127
38 34
64 84
68 105
38 100
52 56
64 150
14 0
64 26
48 49
40 87
40 21
65 60
33 62
33 73
33 19
33 43
33 75
33 148
33 20
33 1
145 81
145 142
83 70
145 146
145 44
83 29
83 6
83 10
145 79
83 72
83 37
83 88
145 47
145 55
145 112
13 107
145 101
13 144
13 140
22 41
22 141
22 54
22 128
22 103
22 16
139 115
22 116
22 65
139 118
22 106
22 109
5 133
22 96
5 111
5 18
38 111
0 58
5 71
5 24
3 113
5 53
3 85
5 94
5 45
5 147
5 70
5 83
32 110
5 6
32 119
32 46
32 86
102 12
32 107
102 8
32 144
102 68
32 140
34 38
102 127
32 84
102 105
34 100
32 123
32 4
5 56
32 26
49 48
87 42
87 21
43 75
29 70
29 83
3 95
3 31
29 6
29 10
117 79
31 0
117 92
29 37
29 88
29 108
41 22
34 84
41 141
41 61
41 128
41 16
118 115
41 116
118 28
41 65
118 139
118 57
41 106
41 109
41 96
71 24
71 53
113 85
71 135
113 23
71 132
113 2
71 15
113 125
110 119
110 17
110 46
110 86
110 14
110 107
110 144
110 140
100 38
100 34
110 84
127 105
110 123
110 4
110 150
110 26
42 87
60 126
60 67
42 21
60 104
113 114
113 63
75 43
6 70
6 83
6 29
79 117
6 10
6 72
79 92
6 37
79 137
6 108
141 22
141 41
75 123
123 4
123 150
141 54
123 26
141 61
123 91
141 128
123 66
141 103
123 77
141 16
117 78
57 115
123 143
141 116
141 65
57 139
57 118
100 49
41 60
141 106
141 109
141 96
100 111
24 71
85 113
24 53
24 135
85 23
24 132
85 2
24 15
85 125
75 15
119 64
119 32
119 110
119 17
119 46
119 86
119 14
119 107
119 144
119 140
119 13
105 127
119 84
119 123
119 4
85 51
51 11
119 150
51 58
126 60
21 87
21 42
126 67
85 25
85 136
85 114
85 120
148 35
148 20
148 1
148 50
148 129
92 117
92 79
10 72
92 137
10 88
10 108
10 12
10 30
10 8
10 68
10 102
4 150
54 61
4 91
54 128
4 130
54 59
54 103
4 77
4 143
25 136
25 114
25 120
25 63
25 62
25 73
25 33
53 71
53 24
53 132
17 64
17 32
17 110
17 119
17 46
17 86
17 14
17 144
17 140
17 13
17 84
11 51
17 4
17 150
11 89
17 26
11 58
11 97
67 60
67 149
67 104
106 109
106 96
106 80
106 93
106 36
106 7
106 3
35 148
35 20
35 1
35 50
35 129
137 117
72 10
137 79
137 92
72 37
72 88
72 108
72 12
72 30
72 8
72 68
72 102
150 123
150 4
61 54
150 26
150 91
150 130
150 143
136 114
136 120
136 63
136 62
136 19
135 132
135 15
2 125
2 134
46 86
46 122
2 69
2 121
89 11
131 9
131 78
89 58
131 138
89 97
2 124
2 90
2 115
2 28
149 60
2 139
149 126
2 118
149 67
2 57
109 106
149 104
109 96
109 93
109 74
109 7
20 148
20 35
20 1
20 50
20 129
20 110
37 88
37 108
47 55
37 12
47 112
37 30
37 102
26 123
26 4
26 150
128 54
128 61
26 91
26 130
26 66
128 103
26 143
114 120
114 62
114 73
114 19
114 33
132 135
125 2
132 15
125 134
86 46
86 122
125 69
125 121
58 51
58 89
9 78
9 138
58 97
125 124
125 90
125 115
125 28
125 139
104 149
96 106
96 109
96 93
96 74
96 36
1 148
1 35
1 50
1 129
88 10
88 72
88 37
55 47
88 108
88 12
55 112
88 8
88 102
59 54
59 61
59 128
91 130
91 66
59 103
91 77
91 143
120 25
120 114
120 63
120 62
120 73
120 19
120 33
15 135
15 132
134 81
134 142
134 145
39 98
39 99
97 51
78 131
97 11
78 9
97 89
97 58
78 138
80 93
80 74
80 7
50 129
108 10
80 117
108 72
108 88
80 137
112 47
112 55
108 12
108 30
108 68
108 102
103 54
130 91
103 128
103 59
130 66
130 77
63 25
63 136
63 114
63 120
63 62
63 19
94 45
94 147
81 142
81 117
81 79
81 92
81 137
81 47
81 55
81 112
14 107
81 101
14 144
76 98
14 13
76 82
76 22
76 41
138 131
76 141
130 56
138 9
138 78
93 80
133 111
133 18
93 74
39 27
133 71
39 18
76 3
133 53
39 52
39 5
129 50
133 94
133 45
133 70
133 29
133 6
76 47
12 30
12 8
12 68
12 127
12 105
133 56
66 91
66 130
66 77
66 143
39 9
16 116
39 78
16 65
39 138
16 40
66 104
62 73
62 19
62 33
62 43
62 75
62 148
62 35
62 20
45 94
45 147
142 146
142 44
142 145
142 117
142 79
142 92
142 137
142 55
107 14
142 112
98 76
142 101
107 144
107 140
98 99
107 13
98 82
98 22
98 41
98 141
90 28
111 133
74 80
74 93
111 18
111 52
74 36
74 7
111 71
111 24
98 3
111 53
111 45
111 83
111 29
30 12
30 8
30 68
69 121
30 102
69 38
30 127
69 34
30 105
69 100
69 51
111 56
69 11
69 89
77 91
77 130
77 66
116 16
116 65
116 40
73 62
73 19
90 18
73 33
73 43
73 75
73 148
73 20
73 1
147 94
146 81
146 44
146 145
146 117
146 79
146 92
146 137
146 55
144 14
144 107
99 76
146 101
99 98
144 13
99 82
99 22
99 41
99 141
115 28
115 139
115 118
115 57
18 133
36 80
18 111
36 74
18 52
18 5
36 7
18 71
18 24
99 3
18 53
18 94
18 45
18 147
18 70
18 83
31 32
18 29
31 110
18 6
31 119
8 12
8 30
121 69
8 68
121 38
8 127
121 34
8 105
121 100
121 51
18 56
121 11
121 89
143 91
121 58
121 97
143 77
65 16
65 116
31 48
65 40
31 49
31 67
