81 164 40
54 59
14 6
79 2
79 78
77 62
75 41
77 25
75 10
75 9
66 55
71 23
36 78
75 68
25 76
75 30
25 5
75 19
44 26
15 21
31 13
56 22
5 47
0  25
56 29
5 63
34 73
56 35
48 60
48 40
18 29
72 51
7 8
18 28
25 1
3 74
3 33
77 2
50 57
77 79
50 28
67 69
50 27
46 39
50 24
67 64
72 60
59 11
67 49
27 14
64 4
19 30
64 43
24 42
23 20
78 53
62 32
78 36
10 75
62 25
10 9
55 66
45 49
10 68
10 39
37 52
58 76
10 46
58 47
10 30
26 44
61 21
58 51
26 34
13 12
22 70
8 68
60 48
29 35
80 51
22 15
29 50
58 54
80 67
58 1
39 38
39 46
74 3
57 50
57 27
62 37
17 4
62 52
80 60
17 65
15 0
16 30
17 43
17 20
11 54
6 14
2 79
2 36
32 77
41 75
42 24
32 58
41 9
42 55
20 71
53 78
41 68
76 25
41 46
76 58
76 5
9 26
21 15
76 51
21 61
49 45
49 31
52 37
49 13
52 56
52 70
47 5
47 63
73 34
12 31
70 56
32 41
32 75
32 10
70 35
51 72
76 59
51 80
68 7
51 67
40 48
35 18
40 3
40 74
0 15
70 21
70 15
32 2
35 57
69 67
38 39
32 37
69 4
51 60
33 3
28 50
69 49
4 0
4 17
4 64
30 16
28 42
4 43
30 19
4 23
